p cnf 450 6845
-442 -433 0
-443 -434 0
-444 -435 0
-445 -436 0
-446 -437 0
-447 -438 0
-448 -439 0
-449 -440 0
-450 -441 0
-442 -379 0
-443 -380 0
-444 -381 0
-445 -382 0
-446 -383 0
-447 -384 0
-448 -385 0
-449 -386 0
-450 -387 0
-442 -361 0
-443 -362 0
-444 -363 0
-445 -364 0
-446 -365 0
-447 -366 0
-448 -367 0
-449 -368 0
-450 -369 0
-442 -343 0
-443 -344 0
-444 -345 0
-445 -346 0
-446 -347 0
-447 -348 0
-448 -349 0
-449 -350 0
-450 -351 0
-442 -325 0
-443 -326 0
-444 -327 0
-445 -328 0
-446 -329 0
-447 -330 0
-448 -331 0
-449 -332 0
-450 -333 0
-442 -289 0
-443 -290 0
-444 -291 0
-445 -292 0
-446 -293 0
-447 -294 0
-448 -295 0
-449 -296 0
-450 -297 0
-442 -280 0
-443 -281 0
-444 -282 0
-445 -283 0
-446 -284 0
-447 -285 0
-448 -286 0
-449 -287 0
-450 -288 0
-442 -226 0
-443 -227 0
-444 -228 0
-445 -229 0
-446 -230 0
-447 -231 0
-448 -232 0
-449 -233 0
-450 -234 0
-442 -208 0
-443 -209 0
-444 -210 0
-445 -211 0
-446 -212 0
-447 -213 0
-448 -214 0
-449 -215 0
-450 -216 0
-442 -199 0
-443 -200 0
-444 -201 0
-445 -202 0
-446 -203 0
-447 -204 0
-448 -205 0
-449 -206 0
-450 -207 0
-442 -181 0
-443 -182 0
-444 -183 0
-445 -184 0
-446 -185 0
-447 -186 0
-448 -187 0
-449 -188 0
-450 -189 0
-442 -154 0
-443 -155 0
-444 -156 0
-445 -157 0
-446 -158 0
-447 -159 0
-448 -160 0
-449 -161 0
-450 -162 0
-442 -145 0
-443 -146 0
-444 -147 0
-445 -148 0
-446 -149 0
-447 -150 0
-448 -151 0
-449 -152 0
-450 -153 0
-442 -136 0
-443 -137 0
-444 -138 0
-445 -139 0
-446 -140 0
-447 -141 0
-448 -142 0
-449 -143 0
-450 -144 0
-442 -118 0
-443 -119 0
-444 -120 0
-445 -121 0
-446 -122 0
-447 -123 0
-448 -124 0
-449 -125 0
-450 -126 0
-442 -100 0
-443 -101 0
-444 -102 0
-445 -103 0
-446 -104 0
-447 -105 0
-448 -106 0
-449 -107 0
-450 -108 0
-442 -73 0
-443 -74 0
-444 -75 0
-445 -76 0
-446 -77 0
-447 -78 0
-448 -79 0
-449 -80 0
-450 -81 0
-442 -19 0
-443 -20 0
-444 -21 0
-445 -22 0
-446 -23 0
-447 -24 0
-448 -25 0
-449 -26 0
-450 -27 0
-433 -424 0
-434 -425 0
-435 -426 0
-436 -427 0
-437 -428 0
-438 -429 0
-439 -430 0
-440 -431 0
-441 -432 0
-433 -415 0
-434 -416 0
-435 -417 0
-436 -418 0
-437 -419 0
-438 -420 0
-439 -421 0
-440 -422 0
-441 -423 0
-433 -406 0
-434 -407 0
-435 -408 0
-436 -409 0
-437 -410 0
-438 -411 0
-439 -412 0
-440 -413 0
-441 -414 0
-433 -397 0
-434 -398 0
-435 -399 0
-436 -400 0
-437 -401 0
-438 -402 0
-439 -403 0
-440 -404 0
-441 -405 0
-433 -370 0
-434 -371 0
-435 -372 0
-436 -373 0
-437 -374 0
-438 -375 0
-439 -376 0
-440 -377 0
-441 -378 0
-433 -325 0
-434 -326 0
-435 -327 0
-436 -328 0
-437 -329 0
-438 -330 0
-439 -331 0
-440 -332 0
-441 -333 0
-433 -316 0
-434 -317 0
-435 -318 0
-436 -319 0
-437 -320 0
-438 -321 0
-439 -322 0
-440 -323 0
-441 -324 0
-433 -298 0
-434 -299 0
-435 -300 0
-436 -301 0
-437 -302 0
-438 -303 0
-439 -304 0
-440 -305 0
-441 -306 0
-433 -289 0
-434 -290 0
-435 -291 0
-436 -292 0
-437 -293 0
-438 -294 0
-439 -295 0
-440 -296 0
-441 -297 0
-433 -271 0
-434 -272 0
-435 -273 0
-436 -274 0
-437 -275 0
-438 -276 0
-439 -277 0
-440 -278 0
-441 -279 0
-433 -262 0
-434 -263 0
-435 -264 0
-436 -265 0
-437 -266 0
-438 -267 0
-439 -268 0
-440 -269 0
-441 -270 0
-433 -235 0
-434 -236 0
-435 -237 0
-436 -238 0
-437 -239 0
-438 -240 0
-439 -241 0
-440 -242 0
-441 -243 0
-433 -208 0
-434 -209 0
-435 -210 0
-436 -211 0
-437 -212 0
-438 -213 0
-439 -214 0
-440 -215 0
-441 -216 0
-433 -181 0
-434 -182 0
-435 -183 0
-436 -184 0
-437 -185 0
-438 -186 0
-439 -187 0
-440 -188 0
-441 -189 0
-433 -172 0
-434 -173 0
-435 -174 0
-436 -175 0
-437 -176 0
-438 -177 0
-439 -178 0
-440 -179 0
-441 -180 0
-433 -118 0
-434 -119 0
-435 -120 0
-436 -121 0
-437 -122 0
-438 -123 0
-439 -124 0
-440 -125 0
-441 -126 0
-433 -100 0
-434 -101 0
-435 -102 0
-436 -103 0
-437 -104 0
-438 -105 0
-439 -106 0
-440 -107 0
-441 -108 0
-433 -64 0
-434 -65 0
-435 -66 0
-436 -67 0
-437 -68 0
-438 -69 0
-439 -70 0
-440 -71 0
-441 -72 0
-433 -55 0
-434 -56 0
-435 -57 0
-436 -58 0
-437 -59 0
-438 -60 0
-439 -61 0
-440 -62 0
-441 -63 0
-433 -46 0
-434 -47 0
-435 -48 0
-436 -49 0
-437 -50 0
-438 -51 0
-439 -52 0
-440 -53 0
-441 -54 0
-433 -19 0
-434 -20 0
-435 -21 0
-436 -22 0
-437 -23 0
-438 -24 0
-439 -25 0
-440 -26 0
-441 -27 0
-424 -406 0
-425 -407 0
-426 -408 0
-427 -409 0
-428 -410 0
-429 -411 0
-430 -412 0
-431 -413 0
-432 -414 0
-424 -397 0
-425 -398 0
-426 -399 0
-427 -400 0
-428 -401 0
-429 -402 0
-430 -403 0
-431 -404 0
-432 -405 0
-424 -388 0
-425 -389 0
-426 -390 0
-427 -391 0
-428 -392 0
-429 -393 0
-430 -394 0
-431 -395 0
-432 -396 0
-424 -361 0
-425 -362 0
-426 -363 0
-427 -364 0
-428 -365 0
-429 -366 0
-430 -367 0
-431 -368 0
-432 -369 0
-424 -352 0
-425 -353 0
-426 -354 0
-427 -355 0
-428 -356 0
-429 -357 0
-430 -358 0
-431 -359 0
-432 -360 0
-424 -343 0
-425 -344 0
-426 -345 0
-427 -346 0
-428 -347 0
-429 -348 0
-430 -349 0
-431 -350 0
-432 -351 0
-424 -334 0
-425 -335 0
-426 -336 0
-427 -337 0
-428 -338 0
-429 -339 0
-430 -340 0
-431 -341 0
-432 -342 0
-424 -316 0
-425 -317 0
-426 -318 0
-427 -319 0
-428 -320 0
-429 -321 0
-430 -322 0
-431 -323 0
-432 -324 0
-424 -298 0
-425 -299 0
-426 -300 0
-427 -301 0
-428 -302 0
-429 -303 0
-430 -304 0
-431 -305 0
-432 -306 0
-424 -289 0
-425 -290 0
-426 -291 0
-427 -292 0
-428 -293 0
-429 -294 0
-430 -295 0
-431 -296 0
-432 -297 0
-424 -271 0
-425 -272 0
-426 -273 0
-427 -274 0
-428 -275 0
-429 -276 0
-430 -277 0
-431 -278 0
-432 -279 0
-424 -262 0
-425 -263 0
-426 -264 0
-427 -265 0
-428 -266 0
-429 -267 0
-430 -268 0
-431 -269 0
-432 -270 0
-424 -253 0
-425 -254 0
-426 -255 0
-427 -256 0
-428 -257 0
-429 -258 0
-430 -259 0
-431 -260 0
-432 -261 0
-424 -235 0
-425 -236 0
-426 -237 0
-427 -238 0
-428 -239 0
-429 -240 0
-430 -241 0
-431 -242 0
-432 -243 0
-424 -217 0
-425 -218 0
-426 -219 0
-427 -220 0
-428 -221 0
-429 -222 0
-430 -223 0
-431 -224 0
-432 -225 0
-424 -172 0
-425 -173 0
-426 -174 0
-427 -175 0
-428 -176 0
-429 -177 0
-430 -178 0
-431 -179 0
-432 -180 0
-424 -154 0
-425 -155 0
-426 -156 0
-427 -157 0
-428 -158 0
-429 -159 0
-430 -160 0
-431 -161 0
-432 -162 0
-424 -145 0
-425 -146 0
-426 -147 0
-427 -148 0
-428 -149 0
-429 -150 0
-430 -151 0
-431 -152 0
-432 -153 0
-424 -136 0
-425 -137 0
-426 -138 0
-427 -139 0
-428 -140 0
-429 -141 0
-430 -142 0
-431 -143 0
-432 -144 0
-424 -109 0
-425 -110 0
-426 -111 0
-427 -112 0
-428 -113 0
-429 -114 0
-430 -115 0
-431 -116 0
-432 -117 0
-424 -64 0
-425 -65 0
-426 -66 0
-427 -67 0
-428 -68 0
-429 -69 0
-430 -70 0
-431 -71 0
-432 -72 0
-424 -55 0
-425 -56 0
-426 -57 0
-427 -58 0
-428 -59 0
-429 -60 0
-430 -61 0
-431 -62 0
-432 -63 0
-424 -46 0
-425 -47 0
-426 -48 0
-427 -49 0
-428 -50 0
-429 -51 0
-430 -52 0
-431 -53 0
-432 -54 0
-424 -37 0
-425 -38 0
-426 -39 0
-427 -40 0
-428 -41 0
-429 -42 0
-430 -43 0
-431 -44 0
-432 -45 0
-424 -28 0
-425 -29 0
-426 -30 0
-427 -31 0
-428 -32 0
-429 -33 0
-430 -34 0
-431 -35 0
-432 -36 0
-424 -1 0
-425 -2 0
-426 -3 0
-427 -4 0
-428 -5 0
-429 -6 0
-430 -7 0
-431 -8 0
-432 -9 0
-415 -406 0
-416 -407 0
-417 -408 0
-418 -409 0
-419 -410 0
-420 -411 0
-421 -412 0
-422 -413 0
-423 -414 0
-415 -397 0
-416 -398 0
-417 -399 0
-418 -400 0
-419 -401 0
-420 -402 0
-421 -403 0
-422 -404 0
-423 -405 0
-415 -352 0
-416 -353 0
-417 -354 0
-418 -355 0
-419 -356 0
-420 -357 0
-421 -358 0
-422 -359 0
-423 -360 0
-415 -343 0
-416 -344 0
-417 -345 0
-418 -346 0
-419 -347 0
-420 -348 0
-421 -349 0
-422 -350 0
-423 -351 0
-415 -307 0
-416 -308 0
-417 -309 0
-418 -310 0
-419 -311 0
-420 -312 0
-421 -313 0
-422 -314 0
-423 -315 0
-415 -298 0
-416 -299 0
-417 -300 0
-418 -301 0
-419 -302 0
-420 -303 0
-421 -304 0
-422 -305 0
-423 -306 0
-415 -271 0
-416 -272 0
-417 -273 0
-418 -274 0
-419 -275 0
-420 -276 0
-421 -277 0
-422 -278 0
-423 -279 0
-415 -262 0
-416 -263 0
-417 -264 0
-418 -265 0
-419 -266 0
-420 -267 0
-421 -268 0
-422 -269 0
-423 -270 0
-415 -253 0
-416 -254 0
-417 -255 0
-418 -256 0
-419 -257 0
-420 -258 0
-421 -259 0
-422 -260 0
-423 -261 0
-415 -235 0
-416 -236 0
-417 -237 0
-418 -238 0
-419 -239 0
-420 -240 0
-421 -241 0
-422 -242 0
-423 -243 0
-415 -172 0
-416 -173 0
-417 -174 0
-418 -175 0
-419 -176 0
-420 -177 0
-421 -178 0
-422 -179 0
-423 -180 0
-415 -118 0
-416 -119 0
-417 -120 0
-418 -121 0
-419 -122 0
-420 -123 0
-421 -124 0
-422 -125 0
-423 -126 0
-415 -82 0
-416 -83 0
-417 -84 0
-418 -85 0
-419 -86 0
-420 -87 0
-421 -88 0
-422 -89 0
-423 -90 0
-415 -64 0
-416 -65 0
-417 -66 0
-418 -67 0
-419 -68 0
-420 -69 0
-421 -70 0
-422 -71 0
-423 -72 0
-415 -55 0
-416 -56 0
-417 -57 0
-418 -58 0
-419 -59 0
-420 -60 0
-421 -61 0
-422 -62 0
-423 -63 0
-415 -46 0
-416 -47 0
-417 -48 0
-418 -49 0
-419 -50 0
-420 -51 0
-421 -52 0
-422 -53 0
-423 -54 0
-415 -19 0
-416 -20 0
-417 -21 0
-418 -22 0
-419 -23 0
-420 -24 0
-421 -25 0
-422 -26 0
-423 -27 0
-406 -397 0
-407 -398 0
-408 -399 0
-409 -400 0
-410 -401 0
-411 -402 0
-412 -403 0
-413 -404 0
-414 -405 0
-406 -388 0
-407 -389 0
-408 -390 0
-409 -391 0
-410 -392 0
-411 -393 0
-412 -394 0
-413 -395 0
-414 -396 0
-406 -361 0
-407 -362 0
-408 -363 0
-409 -364 0
-410 -365 0
-411 -366 0
-412 -367 0
-413 -368 0
-414 -369 0
-406 -352 0
-407 -353 0
-408 -354 0
-409 -355 0
-410 -356 0
-411 -357 0
-412 -358 0
-413 -359 0
-414 -360 0
-406 -334 0
-407 -335 0
-408 -336 0
-409 -337 0
-410 -338 0
-411 -339 0
-412 -340 0
-413 -341 0
-414 -342 0
-406 -325 0
-407 -326 0
-408 -327 0
-409 -328 0
-410 -329 0
-411 -330 0
-412 -331 0
-413 -332 0
-414 -333 0
-406 -316 0
-407 -317 0
-408 -318 0
-409 -319 0
-410 -320 0
-411 -321 0
-412 -322 0
-413 -323 0
-414 -324 0
-406 -307 0
-407 -308 0
-408 -309 0
-409 -310 0
-410 -311 0
-411 -312 0
-412 -313 0
-413 -314 0
-414 -315 0
-406 -298 0
-407 -299 0
-408 -300 0
-409 -301 0
-410 -302 0
-411 -303 0
-412 -304 0
-413 -305 0
-414 -306 0
-406 -271 0
-407 -272 0
-408 -273 0
-409 -274 0
-410 -275 0
-411 -276 0
-412 -277 0
-413 -278 0
-414 -279 0
-406 -262 0
-407 -263 0
-408 -264 0
-409 -265 0
-410 -266 0
-411 -267 0
-412 -268 0
-413 -269 0
-414 -270 0
-406 -253 0
-407 -254 0
-408 -255 0
-409 -256 0
-410 -257 0
-411 -258 0
-412 -259 0
-413 -260 0
-414 -261 0
-406 -235 0
-407 -236 0
-408 -237 0
-409 -238 0
-410 -239 0
-411 -240 0
-412 -241 0
-413 -242 0
-414 -243 0
-406 -217 0
-407 -218 0
-408 -219 0
-409 -220 0
-410 -221 0
-411 -222 0
-412 -223 0
-413 -224 0
-414 -225 0
-406 -172 0
-407 -173 0
-408 -174 0
-409 -175 0
-410 -176 0
-411 -177 0
-412 -178 0
-413 -179 0
-414 -180 0
-406 -145 0
-407 -146 0
-408 -147 0
-409 -148 0
-410 -149 0
-411 -150 0
-412 -151 0
-413 -152 0
-414 -153 0
-406 -118 0
-407 -119 0
-408 -120 0
-409 -121 0
-410 -122 0
-411 -123 0
-412 -124 0
-413 -125 0
-414 -126 0
-406 -109 0
-407 -110 0
-408 -111 0
-409 -112 0
-410 -113 0
-411 -114 0
-412 -115 0
-413 -116 0
-414 -117 0
-406 -91 0
-407 -92 0
-408 -93 0
-409 -94 0
-410 -95 0
-411 -96 0
-412 -97 0
-413 -98 0
-414 -99 0
-406 -82 0
-407 -83 0
-408 -84 0
-409 -85 0
-410 -86 0
-411 -87 0
-412 -88 0
-413 -89 0
-414 -90 0
-406 -73 0
-407 -74 0
-408 -75 0
-409 -76 0
-410 -77 0
-411 -78 0
-412 -79 0
-413 -80 0
-414 -81 0
-406 -64 0
-407 -65 0
-408 -66 0
-409 -67 0
-410 -68 0
-411 -69 0
-412 -70 0
-413 -71 0
-414 -72 0
-406 -55 0
-407 -56 0
-408 -57 0
-409 -58 0
-410 -59 0
-411 -60 0
-412 -61 0
-413 -62 0
-414 -63 0
-406 -37 0
-407 -38 0
-408 -39 0
-409 -40 0
-410 -41 0
-411 -42 0
-412 -43 0
-413 -44 0
-414 -45 0
-397 -370 0
-398 -371 0
-399 -372 0
-400 -373 0
-401 -374 0
-402 -375 0
-403 -376 0
-404 -377 0
-405 -378 0
-397 -361 0
-398 -362 0
-399 -363 0
-400 -364 0
-401 -365 0
-402 -366 0
-403 -367 0
-404 -368 0
-405 -369 0
-397 -298 0
-398 -299 0
-399 -300 0
-400 -301 0
-401 -302 0
-402 -303 0
-403 -304 0
-404 -305 0
-405 -306 0
-397 -289 0
-398 -290 0
-399 -291 0
-400 -292 0
-401 -293 0
-402 -294 0
-403 -295 0
-404 -296 0
-405 -297 0
-397 -280 0
-398 -281 0
-399 -282 0
-400 -283 0
-401 -284 0
-402 -285 0
-403 -286 0
-404 -287 0
-405 -288 0
-397 -271 0
-398 -272 0
-399 -273 0
-400 -274 0
-401 -275 0
-402 -276 0
-403 -277 0
-404 -278 0
-405 -279 0
-397 -235 0
-398 -236 0
-399 -237 0
-400 -238 0
-401 -239 0
-402 -240 0
-403 -241 0
-404 -242 0
-405 -243 0
-397 -226 0
-398 -227 0
-399 -228 0
-400 -229 0
-401 -230 0
-402 -231 0
-403 -232 0
-404 -233 0
-405 -234 0
-397 -208 0
-398 -209 0
-399 -210 0
-400 -211 0
-401 -212 0
-402 -213 0
-403 -214 0
-404 -215 0
-405 -216 0
-397 -181 0
-398 -182 0
-399 -183 0
-400 -184 0
-401 -185 0
-402 -186 0
-403 -187 0
-404 -188 0
-405 -189 0
-397 -172 0
-398 -173 0
-399 -174 0
-400 -175 0
-401 -176 0
-402 -177 0
-403 -178 0
-404 -179 0
-405 -180 0
-397 -163 0
-398 -164 0
-399 -165 0
-400 -166 0
-401 -167 0
-402 -168 0
-403 -169 0
-404 -170 0
-405 -171 0
-397 -154 0
-398 -155 0
-399 -156 0
-400 -157 0
-401 -158 0
-402 -159 0
-403 -160 0
-404 -161 0
-405 -162 0
-397 -145 0
-398 -146 0
-399 -147 0
-400 -148 0
-401 -149 0
-402 -150 0
-403 -151 0
-404 -152 0
-405 -153 0
-397 -136 0
-398 -137 0
-399 -138 0
-400 -139 0
-401 -140 0
-402 -141 0
-403 -142 0
-404 -143 0
-405 -144 0
-397 -118 0
-398 -119 0
-399 -120 0
-400 -121 0
-401 -122 0
-402 -123 0
-403 -124 0
-404 -125 0
-405 -126 0
-397 -100 0
-398 -101 0
-399 -102 0
-400 -103 0
-401 -104 0
-402 -105 0
-403 -106 0
-404 -107 0
-405 -108 0
-397 -91 0
-398 -92 0
-399 -93 0
-400 -94 0
-401 -95 0
-402 -96 0
-403 -97 0
-404 -98 0
-405 -99 0
-397 -73 0
-398 -74 0
-399 -75 0
-400 -76 0
-401 -77 0
-402 -78 0
-403 -79 0
-404 -80 0
-405 -81 0
-397 -64 0
-398 -65 0
-399 -66 0
-400 -67 0
-401 -68 0
-402 -69 0
-403 -70 0
-404 -71 0
-405 -72 0
-397 -55 0
-398 -56 0
-399 -57 0
-400 -58 0
-401 -59 0
-402 -60 0
-403 -61 0
-404 -62 0
-405 -63 0
-397 -1 0
-398 -2 0
-399 -3 0
-400 -4 0
-401 -5 0
-402 -6 0
-403 -7 0
-404 -8 0
-405 -9 0
-388 -379 0
-389 -380 0
-390 -381 0
-391 -382 0
-392 -383 0
-393 -384 0
-394 -385 0
-395 -386 0
-396 -387 0
-388 -370 0
-389 -371 0
-390 -372 0
-391 -373 0
-392 -374 0
-393 -375 0
-394 -376 0
-395 -377 0
-396 -378 0
-388 -352 0
-389 -353 0
-390 -354 0
-391 -355 0
-392 -356 0
-393 -357 0
-394 -358 0
-395 -359 0
-396 -360 0
-388 -316 0
-389 -317 0
-390 -318 0
-391 -319 0
-392 -320 0
-393 -321 0
-394 -322 0
-395 -323 0
-396 -324 0
-388 -280 0
-389 -281 0
-390 -282 0
-391 -283 0
-392 -284 0
-393 -285 0
-394 -286 0
-395 -287 0
-396 -288 0
-388 -271 0
-389 -272 0
-390 -273 0
-391 -274 0
-392 -275 0
-393 -276 0
-394 -277 0
-395 -278 0
-396 -279 0
-388 -262 0
-389 -263 0
-390 -264 0
-391 -265 0
-392 -266 0
-393 -267 0
-394 -268 0
-395 -269 0
-396 -270 0
-388 -253 0
-389 -254 0
-390 -255 0
-391 -256 0
-392 -257 0
-393 -258 0
-394 -259 0
-395 -260 0
-396 -261 0
-388 -244 0
-389 -245 0
-390 -246 0
-391 -247 0
-392 -248 0
-393 -249 0
-394 -250 0
-395 -251 0
-396 -252 0
-388 -217 0
-389 -218 0
-390 -219 0
-391 -220 0
-392 -221 0
-393 -222 0
-394 -223 0
-395 -224 0
-396 -225 0
-388 -190 0
-389 -191 0
-390 -192 0
-391 -193 0
-392 -194 0
-393 -195 0
-394 -196 0
-395 -197 0
-396 -198 0
-388 -163 0
-389 -164 0
-390 -165 0
-391 -166 0
-392 -167 0
-393 -168 0
-394 -169 0
-395 -170 0
-396 -171 0
-388 -154 0
-389 -155 0
-390 -156 0
-391 -157 0
-392 -158 0
-393 -159 0
-394 -160 0
-395 -161 0
-396 -162 0
-388 -127 0
-389 -128 0
-390 -129 0
-391 -130 0
-392 -131 0
-393 -132 0
-394 -133 0
-395 -134 0
-396 -135 0
-388 -109 0
-389 -110 0
-390 -111 0
-391 -112 0
-392 -113 0
-393 -114 0
-394 -115 0
-395 -116 0
-396 -117 0
-388 -91 0
-389 -92 0
-390 -93 0
-391 -94 0
-392 -95 0
-393 -96 0
-394 -97 0
-395 -98 0
-396 -99 0
-388 -82 0
-389 -83 0
-390 -84 0
-391 -85 0
-392 -86 0
-393 -87 0
-394 -88 0
-395 -89 0
-396 -90 0
-388 -1 0
-389 -2 0
-390 -3 0
-391 -4 0
-392 -5 0
-393 -6 0
-394 -7 0
-395 -8 0
-396 -9 0
-379 -361 0
-380 -362 0
-381 -363 0
-382 -364 0
-383 -365 0
-384 -366 0
-385 -367 0
-386 -368 0
-387 -369 0
-379 -352 0
-380 -353 0
-381 -354 0
-382 -355 0
-383 -356 0
-384 -357 0
-385 -358 0
-386 -359 0
-387 -360 0
-379 -307 0
-380 -308 0
-381 -309 0
-382 -310 0
-383 -311 0
-384 -312 0
-385 -313 0
-386 -314 0
-387 -315 0
-379 -244 0
-380 -245 0
-381 -246 0
-382 -247 0
-383 -248 0
-384 -249 0
-385 -250 0
-386 -251 0
-387 -252 0
-379 -226 0
-380 -227 0
-381 -228 0
-382 -229 0
-383 -230 0
-384 -231 0
-385 -232 0
-386 -233 0
-387 -234 0
-379 -217 0
-380 -218 0
-381 -219 0
-382 -220 0
-383 -221 0
-384 -222 0
-385 -223 0
-386 -224 0
-387 -225 0
-379 -199 0
-380 -200 0
-381 -201 0
-382 -202 0
-383 -203 0
-384 -204 0
-385 -205 0
-386 -206 0
-387 -207 0
-379 -190 0
-380 -191 0
-381 -192 0
-382 -193 0
-383 -194 0
-384 -195 0
-385 -196 0
-386 -197 0
-387 -198 0
-379 -181 0
-380 -182 0
-381 -183 0
-382 -184 0
-383 -185 0
-384 -186 0
-385 -187 0
-386 -188 0
-387 -189 0
-379 -163 0
-380 -164 0
-381 -165 0
-382 -166 0
-383 -167 0
-384 -168 0
-385 -169 0
-386 -170 0
-387 -171 0
-379 -136 0
-380 -137 0
-381 -138 0
-382 -139 0
-383 -140 0
-384 -141 0
-385 -142 0
-386 -143 0
-387 -144 0
-379 -127 0
-380 -128 0
-381 -129 0
-382 -130 0
-383 -131 0
-384 -132 0
-385 -133 0
-386 -134 0
-387 -135 0
-379 -109 0
-380 -110 0
-381 -111 0
-382 -112 0
-383 -113 0
-384 -114 0
-385 -115 0
-386 -116 0
-387 -117 0
-379 -91 0
-380 -92 0
-381 -93 0
-382 -94 0
-383 -95 0
-384 -96 0
-385 -97 0
-386 -98 0
-387 -99 0
-379 -46 0
-380 -47 0
-381 -48 0
-382 -49 0
-383 -50 0
-384 -51 0
-385 -52 0
-386 -53 0
-387 -54 0
-379 -37 0
-380 -38 0
-381 -39 0
-382 -40 0
-383 -41 0
-384 -42 0
-385 -43 0
-386 -44 0
-387 -45 0
-379 -28 0
-380 -29 0
-381 -30 0
-382 -31 0
-383 -32 0
-384 -33 0
-385 -34 0
-386 -35 0
-387 -36 0
-379 -19 0
-380 -20 0
-381 -21 0
-382 -22 0
-383 -23 0
-384 -24 0
-385 -25 0
-386 -26 0
-387 -27 0
-370 -352 0
-371 -353 0
-372 -354 0
-373 -355 0
-374 -356 0
-375 -357 0
-376 -358 0
-377 -359 0
-378 -360 0
-370 -316 0
-371 -317 0
-372 -318 0
-373 -319 0
-374 -320 0
-375 -321 0
-376 -322 0
-377 -323 0
-378 -324 0
-370 -307 0
-371 -308 0
-372 -309 0
-373 -310 0
-374 -311 0
-375 -312 0
-376 -313 0
-377 -314 0
-378 -315 0
-370 -280 0
-371 -281 0
-372 -282 0
-373 -283 0
-374 -284 0
-375 -285 0
-376 -286 0
-377 -287 0
-378 -288 0
-370 -262 0
-371 -263 0
-372 -264 0
-373 -265 0
-374 -266 0
-375 -267 0
-376 -268 0
-377 -269 0
-378 -270 0
-370 -253 0
-371 -254 0
-372 -255 0
-373 -256 0
-374 -257 0
-375 -258 0
-376 -259 0
-377 -260 0
-378 -261 0
-370 -235 0
-371 -236 0
-372 -237 0
-373 -238 0
-374 -239 0
-375 -240 0
-376 -241 0
-377 -242 0
-378 -243 0
-370 -226 0
-371 -227 0
-372 -228 0
-373 -229 0
-374 -230 0
-375 -231 0
-376 -232 0
-377 -233 0
-378 -234 0
-370 -217 0
-371 -218 0
-372 -219 0
-373 -220 0
-374 -221 0
-375 -222 0
-376 -223 0
-377 -224 0
-378 -225 0
-370 -208 0
-371 -209 0
-372 -210 0
-373 -211 0
-374 -212 0
-375 -213 0
-376 -214 0
-377 -215 0
-378 -216 0
-370 -199 0
-371 -200 0
-372 -201 0
-373 -202 0
-374 -203 0
-375 -204 0
-376 -205 0
-377 -206 0
-378 -207 0
-370 -172 0
-371 -173 0
-372 -174 0
-373 -175 0
-374 -176 0
-375 -177 0
-376 -178 0
-377 -179 0
-378 -180 0
-370 -163 0
-371 -164 0
-372 -165 0
-373 -166 0
-374 -167 0
-375 -168 0
-376 -169 0
-377 -170 0
-378 -171 0
-370 -154 0
-371 -155 0
-372 -156 0
-373 -157 0
-374 -158 0
-375 -159 0
-376 -160 0
-377 -161 0
-378 -162 0
-370 -91 0
-371 -92 0
-372 -93 0
-373 -94 0
-374 -95 0
-375 -96 0
-376 -97 0
-377 -98 0
-378 -99 0
-370 -82 0
-371 -83 0
-372 -84 0
-373 -85 0
-374 -86 0
-375 -87 0
-376 -88 0
-377 -89 0
-378 -90 0
-370 -1 0
-371 -2 0
-372 -3 0
-373 -4 0
-374 -5 0
-375 -6 0
-376 -7 0
-377 -8 0
-378 -9 0
-361 -343 0
-362 -344 0
-363 -345 0
-364 -346 0
-365 -347 0
-366 -348 0
-367 -349 0
-368 -350 0
-369 -351 0
-361 -334 0
-362 -335 0
-363 -336 0
-364 -337 0
-365 -338 0
-366 -339 0
-367 -340 0
-368 -341 0
-369 -342 0
-361 -289 0
-362 -290 0
-363 -291 0
-364 -292 0
-365 -293 0
-366 -294 0
-367 -295 0
-368 -296 0
-369 -297 0
-361 -280 0
-362 -281 0
-363 -282 0
-364 -283 0
-365 -284 0
-366 -285 0
-367 -286 0
-368 -287 0
-369 -288 0
-361 -271 0
-362 -272 0
-363 -273 0
-364 -274 0
-365 -275 0
-366 -276 0
-367 -277 0
-368 -278 0
-369 -279 0
-361 -235 0
-362 -236 0
-363 -237 0
-364 -238 0
-365 -239 0
-366 -240 0
-367 -241 0
-368 -242 0
-369 -243 0
-361 -217 0
-362 -218 0
-363 -219 0
-364 -220 0
-365 -221 0
-366 -222 0
-367 -223 0
-368 -224 0
-369 -225 0
-361 -208 0
-362 -209 0
-363 -210 0
-364 -211 0
-365 -212 0
-366 -213 0
-367 -214 0
-368 -215 0
-369 -216 0
-361 -154 0
-362 -155 0
-363 -156 0
-364 -157 0
-365 -158 0
-366 -159 0
-367 -160 0
-368 -161 0
-369 -162 0
-361 -145 0
-362 -146 0
-363 -147 0
-364 -148 0
-365 -149 0
-366 -150 0
-367 -151 0
-368 -152 0
-369 -153 0
-361 -118 0
-362 -119 0
-363 -120 0
-364 -121 0
-365 -122 0
-366 -123 0
-367 -124 0
-368 -125 0
-369 -126 0
-361 -109 0
-362 -110 0
-363 -111 0
-364 -112 0
-365 -113 0
-366 -114 0
-367 -115 0
-368 -116 0
-369 -117 0
-361 -100 0
-362 -101 0
-363 -102 0
-364 -103 0
-365 -104 0
-366 -105 0
-367 -106 0
-368 -107 0
-369 -108 0
-361 -73 0
-362 -74 0
-363 -75 0
-364 -76 0
-365 -77 0
-366 -78 0
-367 -79 0
-368 -80 0
-369 -81 0
-361 -46 0
-362 -47 0
-363 -48 0
-364 -49 0
-365 -50 0
-366 -51 0
-367 -52 0
-368 -53 0
-369 -54 0
-361 -19 0
-362 -20 0
-363 -21 0
-364 -22 0
-365 -23 0
-366 -24 0
-367 -25 0
-368 -26 0
-369 -27 0
-352 -325 0
-353 -326 0
-354 -327 0
-355 -328 0
-356 -329 0
-357 -330 0
-358 -331 0
-359 -332 0
-360 -333 0
-352 -307 0
-353 -308 0
-354 -309 0
-355 -310 0
-356 -311 0
-357 -312 0
-358 -313 0
-359 -314 0
-360 -315 0
-352 -298 0
-353 -299 0
-354 -300 0
-355 -301 0
-356 -302 0
-357 -303 0
-358 -304 0
-359 -305 0
-360 -306 0
-352 -262 0
-353 -263 0
-354 -264 0
-355 -265 0
-356 -266 0
-357 -267 0
-358 -268 0
-359 -269 0
-360 -270 0
-352 -244 0
-353 -245 0
-354 -246 0
-355 -247 0
-356 -248 0
-357 -249 0
-358 -250 0
-359 -251 0
-360 -252 0
-352 -226 0
-353 -227 0
-354 -228 0
-355 -229 0
-356 -230 0
-357 -231 0
-358 -232 0
-359 -233 0
-360 -234 0
-352 -199 0
-353 -200 0
-354 -201 0
-355 -202 0
-356 -203 0
-357 -204 0
-358 -205 0
-359 -206 0
-360 -207 0
-352 -172 0
-353 -173 0
-354 -174 0
-355 -175 0
-356 -176 0
-357 -177 0
-358 -178 0
-359 -179 0
-360 -180 0
-352 -163 0
-353 -164 0
-354 -165 0
-355 -166 0
-356 -167 0
-357 -168 0
-358 -169 0
-359 -170 0
-360 -171 0
-352 -127 0
-353 -128 0
-354 -129 0
-355 -130 0
-356 -131 0
-357 -132 0
-358 -133 0
-359 -134 0
-360 -135 0
-352 -109 0
-353 -110 0
-354 -111 0
-355 -112 0
-356 -113 0
-357 -114 0
-358 -115 0
-359 -116 0
-360 -117 0
-352 -82 0
-353 -83 0
-354 -84 0
-355 -85 0
-356 -86 0
-357 -87 0
-358 -88 0
-359 -89 0
-360 -90 0
-352 -64 0
-353 -65 0
-354 -66 0
-355 -67 0
-356 -68 0
-357 -69 0
-358 -70 0
-359 -71 0
-360 -72 0
-352 -55 0
-353 -56 0
-354 -57 0
-355 -58 0
-356 -59 0
-357 -60 0
-358 -61 0
-359 -62 0
-360 -63 0
-352 -37 0
-353 -38 0
-354 -39 0
-355 -40 0
-356 -41 0
-357 -42 0
-358 -43 0
-359 -44 0
-360 -45 0
-352 -28 0
-353 -29 0
-354 -30 0
-355 -31 0
-356 -32 0
-357 -33 0
-358 -34 0
-359 -35 0
-360 -36 0
-352 -1 0
-353 -2 0
-354 -3 0
-355 -4 0
-356 -5 0
-357 -6 0
-358 -7 0
-359 -8 0
-360 -9 0
-343 -334 0
-344 -335 0
-345 -336 0
-346 -337 0
-347 -338 0
-348 -339 0
-349 -340 0
-350 -341 0
-351 -342 0
-343 -325 0
-344 -326 0
-345 -327 0
-346 -328 0
-347 -329 0
-348 -330 0
-349 -331 0
-350 -332 0
-351 -333 0
-343 -289 0
-344 -290 0
-345 -291 0
-346 -292 0
-347 -293 0
-348 -294 0
-349 -295 0
-350 -296 0
-351 -297 0
-343 -280 0
-344 -281 0
-345 -282 0
-346 -283 0
-347 -284 0
-348 -285 0
-349 -286 0
-350 -287 0
-351 -288 0
-343 -226 0
-344 -227 0
-345 -228 0
-346 -229 0
-347 -230 0
-348 -231 0
-349 -232 0
-350 -233 0
-351 -234 0
-343 -208 0
-344 -209 0
-345 -210 0
-346 -211 0
-347 -212 0
-348 -213 0
-349 -214 0
-350 -215 0
-351 -216 0
-343 -190 0
-344 -191 0
-345 -192 0
-346 -193 0
-347 -194 0
-348 -195 0
-349 -196 0
-350 -197 0
-351 -198 0
-343 -181 0
-344 -182 0
-345 -183 0
-346 -184 0
-347 -185 0
-348 -186 0
-349 -187 0
-350 -188 0
-351 -189 0
-343 -154 0
-344 -155 0
-345 -156 0
-346 -157 0
-347 -158 0
-348 -159 0
-349 -160 0
-350 -161 0
-351 -162 0
-343 -145 0
-344 -146 0
-345 -147 0
-346 -148 0
-347 -149 0
-348 -150 0
-349 -151 0
-350 -152 0
-351 -153 0
-343 -136 0
-344 -137 0
-345 -138 0
-346 -139 0
-347 -140 0
-348 -141 0
-349 -142 0
-350 -143 0
-351 -144 0
-343 -118 0
-344 -119 0
-345 -120 0
-346 -121 0
-347 -122 0
-348 -123 0
-349 -124 0
-350 -125 0
-351 -126 0
-343 -100 0
-344 -101 0
-345 -102 0
-346 -103 0
-347 -104 0
-348 -105 0
-349 -106 0
-350 -107 0
-351 -108 0
-343 -73 0
-344 -74 0
-345 -75 0
-346 -76 0
-347 -77 0
-348 -78 0
-349 -79 0
-350 -80 0
-351 -81 0
-343 -46 0
-344 -47 0
-345 -48 0
-346 -49 0
-347 -50 0
-348 -51 0
-349 -52 0
-350 -53 0
-351 -54 0
-343 -37 0
-344 -38 0
-345 -39 0
-346 -40 0
-347 -41 0
-348 -42 0
-349 -43 0
-350 -44 0
-351 -45 0
-343 -19 0
-344 -20 0
-345 -21 0
-346 -22 0
-347 -23 0
-348 -24 0
-349 -25 0
-350 -26 0
-351 -27 0
-334 -298 0
-335 -299 0
-336 -300 0
-337 -301 0
-338 -302 0
-339 -303 0
-340 -304 0
-341 -305 0
-342 -306 0
-334 -289 0
-335 -290 0
-336 -291 0
-337 -292 0
-338 -293 0
-339 -294 0
-340 -295 0
-341 -296 0
-342 -297 0
-334 -280 0
-335 -281 0
-336 -282 0
-337 -283 0
-338 -284 0
-339 -285 0
-340 -286 0
-341 -287 0
-342 -288 0
-334 -271 0
-335 -272 0
-336 -273 0
-337 -274 0
-338 -275 0
-339 -276 0
-340 -277 0
-341 -278 0
-342 -279 0
-334 -262 0
-335 -263 0
-336 -264 0
-337 -265 0
-338 -266 0
-339 -267 0
-340 -268 0
-341 -269 0
-342 -270 0
-334 -235 0
-335 -236 0
-336 -237 0
-337 -238 0
-338 -239 0
-339 -240 0
-340 -241 0
-341 -242 0
-342 -243 0
-334 -226 0
-335 -227 0
-336 -228 0
-337 -229 0
-338 -230 0
-339 -231 0
-340 -232 0
-341 -233 0
-342 -234 0
-334 -217 0
-335 -218 0
-336 -219 0
-337 -220 0
-338 -221 0
-339 -222 0
-340 -223 0
-341 -224 0
-342 -225 0
-334 -172 0
-335 -173 0
-336 -174 0
-337 -175 0
-338 -176 0
-339 -177 0
-340 -178 0
-341 -179 0
-342 -180 0
-334 -154 0
-335 -155 0
-336 -156 0
-337 -157 0
-338 -158 0
-339 -159 0
-340 -160 0
-341 -161 0
-342 -162 0
-334 -145 0
-335 -146 0
-336 -147 0
-337 -148 0
-338 -149 0
-339 -150 0
-340 -151 0
-341 -152 0
-342 -153 0
-334 -136 0
-335 -137 0
-336 -138 0
-337 -139 0
-338 -140 0
-339 -141 0
-340 -142 0
-341 -143 0
-342 -144 0
-334 -109 0
-335 -110 0
-336 -111 0
-337 -112 0
-338 -113 0
-339 -114 0
-340 -115 0
-341 -116 0
-342 -117 0
-334 -100 0
-335 -101 0
-336 -102 0
-337 -103 0
-338 -104 0
-339 -105 0
-340 -106 0
-341 -107 0
-342 -108 0
-334 -73 0
-335 -74 0
-336 -75 0
-337 -76 0
-338 -77 0
-339 -78 0
-340 -79 0
-341 -80 0
-342 -81 0
-334 -46 0
-335 -47 0
-336 -48 0
-337 -49 0
-338 -50 0
-339 -51 0
-340 -52 0
-341 -53 0
-342 -54 0
-334 -37 0
-335 -38 0
-336 -39 0
-337 -40 0
-338 -41 0
-339 -42 0
-340 -43 0
-341 -44 0
-342 -45 0
-334 -28 0
-335 -29 0
-336 -30 0
-337 -31 0
-338 -32 0
-339 -33 0
-340 -34 0
-341 -35 0
-342 -36 0
-334 -19 0
-335 -20 0
-336 -21 0
-337 -22 0
-338 -23 0
-339 -24 0
-340 -25 0
-341 -26 0
-342 -27 0
-325 -307 0
-326 -308 0
-327 -309 0
-328 -310 0
-329 -311 0
-330 -312 0
-331 -313 0
-332 -314 0
-333 -315 0
-325 -298 0
-326 -299 0
-327 -300 0
-328 -301 0
-329 -302 0
-330 -303 0
-331 -304 0
-332 -305 0
-333 -306 0
-325 -271 0
-326 -272 0
-327 -273 0
-328 -274 0
-329 -275 0
-330 -276 0
-331 -277 0
-332 -278 0
-333 -279 0
-325 -262 0
-326 -263 0
-327 -264 0
-328 -265 0
-329 -266 0
-330 -267 0
-331 -268 0
-332 -269 0
-333 -270 0
-325 -253 0
-326 -254 0
-327 -255 0
-328 -256 0
-329 -257 0
-330 -258 0
-331 -259 0
-332 -260 0
-333 -261 0
-325 -235 0
-326 -236 0
-327 -237 0
-328 -238 0
-329 -239 0
-330 -240 0
-331 -241 0
-332 -242 0
-333 -243 0
-325 -172 0
-326 -173 0
-327 -174 0
-328 -175 0
-329 -176 0
-330 -177 0
-331 -178 0
-332 -179 0
-333 -180 0
-325 -118 0
-326 -119 0
-327 -120 0
-328 -121 0
-329 -122 0
-330 -123 0
-331 -124 0
-332 -125 0
-333 -126 0
-325 -64 0
-326 -65 0
-327 -66 0
-328 -67 0
-329 -68 0
-330 -69 0
-331 -70 0
-332 -71 0
-333 -72 0
-325 -55 0
-326 -56 0
-327 -57 0
-328 -58 0
-329 -59 0
-330 -60 0
-331 -61 0
-332 -62 0
-333 -63 0
-325 -46 0
-326 -47 0
-327 -48 0
-328 -49 0
-329 -50 0
-330 -51 0
-331 -52 0
-332 -53 0
-333 -54 0
-325 -19 0
-326 -20 0
-327 -21 0
-328 -22 0
-329 -23 0
-330 -24 0
-331 -25 0
-332 -26 0
-333 -27 0
-316 -298 0
-317 -299 0
-318 -300 0
-319 -301 0
-320 -302 0
-321 -303 0
-322 -304 0
-323 -305 0
-324 -306 0
-316 -280 0
-317 -281 0
-318 -282 0
-319 -283 0
-320 -284 0
-321 -285 0
-322 -286 0
-323 -287 0
-324 -288 0
-316 -271 0
-317 -272 0
-318 -273 0
-319 -274 0
-320 -275 0
-321 -276 0
-322 -277 0
-323 -278 0
-324 -279 0
-316 -235 0
-317 -236 0
-318 -237 0
-319 -238 0
-320 -239 0
-321 -240 0
-322 -241 0
-323 -242 0
-324 -243 0
-316 -226 0
-317 -227 0
-318 -228 0
-319 -229 0
-320 -230 0
-321 -231 0
-322 -232 0
-323 -233 0
-324 -234 0
-316 -208 0
-317 -209 0
-318 -210 0
-319 -211 0
-320 -212 0
-321 -213 0
-322 -214 0
-323 -215 0
-324 -216 0
-316 -199 0
-317 -200 0
-318 -201 0
-319 -202 0
-320 -203 0
-321 -204 0
-322 -205 0
-323 -206 0
-324 -207 0
-316 -181 0
-317 -182 0
-318 -183 0
-319 -184 0
-320 -185 0
-321 -186 0
-322 -187 0
-323 -188 0
-324 -189 0
-316 -172 0
-317 -173 0
-318 -174 0
-319 -175 0
-320 -176 0
-321 -177 0
-322 -178 0
-323 -179 0
-324 -180 0
-316 -163 0
-317 -164 0
-318 -165 0
-319 -166 0
-320 -167 0
-321 -168 0
-322 -169 0
-323 -170 0
-324 -171 0
-316 -154 0
-317 -155 0
-318 -156 0
-319 -157 0
-320 -158 0
-321 -159 0
-322 -160 0
-323 -161 0
-324 -162 0
-316 -145 0
-317 -146 0
-318 -147 0
-319 -148 0
-320 -149 0
-321 -150 0
-322 -151 0
-323 -152 0
-324 -153 0
-316 -136 0
-317 -137 0
-318 -138 0
-319 -139 0
-320 -140 0
-321 -141 0
-322 -142 0
-323 -143 0
-324 -144 0
-316 -118 0
-317 -119 0
-318 -120 0
-319 -121 0
-320 -122 0
-321 -123 0
-322 -124 0
-323 -125 0
-324 -126 0
-316 -100 0
-317 -101 0
-318 -102 0
-319 -103 0
-320 -104 0
-321 -105 0
-322 -106 0
-323 -107 0
-324 -108 0
-316 -91 0
-317 -92 0
-318 -93 0
-319 -94 0
-320 -95 0
-321 -96 0
-322 -97 0
-323 -98 0
-324 -99 0
-316 -82 0
-317 -83 0
-318 -84 0
-319 -85 0
-320 -86 0
-321 -87 0
-322 -88 0
-323 -89 0
-324 -90 0
-316 -73 0
-317 -74 0
-318 -75 0
-319 -76 0
-320 -77 0
-321 -78 0
-322 -79 0
-323 -80 0
-324 -81 0
-316 -64 0
-317 -65 0
-318 -66 0
-319 -67 0
-320 -68 0
-321 -69 0
-322 -70 0
-323 -71 0
-324 -72 0
-316 -55 0
-317 -56 0
-318 -57 0
-319 -58 0
-320 -59 0
-321 -60 0
-322 -61 0
-323 -62 0
-324 -63 0
-316 -1 0
-317 -2 0
-318 -3 0
-319 -4 0
-320 -5 0
-321 -6 0
-322 -7 0
-323 -8 0
-324 -9 0
-307 -271 0
-308 -272 0
-309 -273 0
-310 -274 0
-311 -275 0
-312 -276 0
-313 -277 0
-314 -278 0
-315 -279 0
-307 -262 0
-308 -263 0
-309 -264 0
-310 -265 0
-311 -266 0
-312 -267 0
-313 -268 0
-314 -269 0
-315 -270 0
-307 -253 0
-308 -254 0
-309 -255 0
-310 -256 0
-311 -257 0
-312 -258 0
-313 -259 0
-314 -260 0
-315 -261 0
-307 -244 0
-308 -245 0
-309 -246 0
-310 -247 0
-311 -248 0
-312 -249 0
-313 -250 0
-314 -251 0
-315 -252 0
-307 -217 0
-308 -218 0
-309 -219 0
-310 -220 0
-311 -221 0
-312 -222 0
-313 -223 0
-314 -224 0
-315 -225 0
-307 -199 0
-308 -200 0
-309 -201 0
-310 -202 0
-311 -203 0
-312 -204 0
-313 -205 0
-314 -206 0
-315 -207 0
-307 -181 0
-308 -182 0
-309 -183 0
-310 -184 0
-311 -185 0
-312 -186 0
-313 -187 0
-314 -188 0
-315 -189 0
-307 -109 0
-308 -110 0
-309 -111 0
-310 -112 0
-311 -113 0
-312 -114 0
-313 -115 0
-314 -116 0
-315 -117 0
-307 -91 0
-308 -92 0
-309 -93 0
-310 -94 0
-311 -95 0
-312 -96 0
-313 -97 0
-314 -98 0
-315 -99 0
-307 -82 0
-308 -83 0
-309 -84 0
-310 -85 0
-311 -86 0
-312 -87 0
-313 -88 0
-314 -89 0
-315 -90 0
-307 -55 0
-308 -56 0
-309 -57 0
-310 -58 0
-311 -59 0
-312 -60 0
-313 -61 0
-314 -62 0
-315 -63 0
-307 -46 0
-308 -47 0
-309 -48 0
-310 -49 0
-311 -50 0
-312 -51 0
-313 -52 0
-314 -53 0
-315 -54 0
-307 -19 0
-308 -20 0
-309 -21 0
-310 -22 0
-311 -23 0
-312 -24 0
-313 -25 0
-314 -26 0
-315 -27 0
-307 -10 0
-308 -11 0
-309 -12 0
-310 -13 0
-311 -14 0
-312 -15 0
-313 -16 0
-314 -17 0
-315 -18 0
-298 -271 0
-299 -272 0
-300 -273 0
-301 -274 0
-302 -275 0
-303 -276 0
-304 -277 0
-305 -278 0
-306 -279 0
-298 -262 0
-299 -263 0
-300 -264 0
-301 -265 0
-302 -266 0
-303 -267 0
-304 -268 0
-305 -269 0
-306 -270 0
-298 -253 0
-299 -254 0
-300 -255 0
-301 -256 0
-302 -257 0
-303 -258 0
-304 -259 0
-305 -260 0
-306 -261 0
-298 -235 0
-299 -236 0
-300 -237 0
-301 -238 0
-302 -239 0
-303 -240 0
-304 -241 0
-305 -242 0
-306 -243 0
-298 -217 0
-299 -218 0
-300 -219 0
-301 -220 0
-302 -221 0
-303 -222 0
-304 -223 0
-305 -224 0
-306 -225 0
-298 -154 0
-299 -155 0
-300 -156 0
-301 -157 0
-302 -158 0
-303 -159 0
-304 -160 0
-305 -161 0
-306 -162 0
-298 -145 0
-299 -146 0
-300 -147 0
-301 -148 0
-302 -149 0
-303 -150 0
-304 -151 0
-305 -152 0
-306 -153 0
-298 -109 0
-299 -110 0
-300 -111 0
-301 -112 0
-302 -113 0
-303 -114 0
-304 -115 0
-305 -116 0
-306 -117 0
-298 -91 0
-299 -92 0
-300 -93 0
-301 -94 0
-302 -95 0
-303 -96 0
-304 -97 0
-305 -98 0
-306 -99 0
-298 -82 0
-299 -83 0
-300 -84 0
-301 -85 0
-302 -86 0
-303 -87 0
-304 -88 0
-305 -89 0
-306 -90 0
-298 -73 0
-299 -74 0
-300 -75 0
-301 -76 0
-302 -77 0
-303 -78 0
-304 -79 0
-305 -80 0
-306 -81 0
-298 -55 0
-299 -56 0
-300 -57 0
-301 -58 0
-302 -59 0
-303 -60 0
-304 -61 0
-305 -62 0
-306 -63 0
-289 -280 0
-290 -281 0
-291 -282 0
-292 -283 0
-293 -284 0
-294 -285 0
-295 -286 0
-296 -287 0
-297 -288 0
-289 -244 0
-290 -245 0
-291 -246 0
-292 -247 0
-293 -248 0
-294 -249 0
-295 -250 0
-296 -251 0
-297 -252 0
-289 -235 0
-290 -236 0
-291 -237 0
-292 -238 0
-293 -239 0
-294 -240 0
-295 -241 0
-296 -242 0
-297 -243 0
-289 -226 0
-290 -227 0
-291 -228 0
-292 -229 0
-293 -230 0
-294 -231 0
-295 -232 0
-296 -233 0
-297 -234 0
-289 -208 0
-290 -209 0
-291 -210 0
-292 -211 0
-293 -212 0
-294 -213 0
-295 -214 0
-296 -215 0
-297 -216 0
-289 -190 0
-290 -191 0
-291 -192 0
-292 -193 0
-293 -194 0
-294 -195 0
-295 -196 0
-296 -197 0
-297 -198 0
-289 -181 0
-290 -182 0
-291 -183 0
-292 -184 0
-293 -185 0
-294 -186 0
-295 -187 0
-296 -188 0
-297 -189 0
-289 -145 0
-290 -146 0
-291 -147 0
-292 -148 0
-293 -149 0
-294 -150 0
-295 -151 0
-296 -152 0
-297 -153 0
-289 -136 0
-290 -137 0
-291 -138 0
-292 -139 0
-293 -140 0
-294 -141 0
-295 -142 0
-296 -143 0
-297 -144 0
-289 -127 0
-290 -128 0
-291 -129 0
-292 -130 0
-293 -131 0
-294 -132 0
-295 -133 0
-296 -134 0
-297 -135 0
-289 -118 0
-290 -119 0
-291 -120 0
-292 -121 0
-293 -122 0
-294 -123 0
-295 -124 0
-296 -125 0
-297 -126 0
-289 -100 0
-290 -101 0
-291 -102 0
-292 -103 0
-293 -104 0
-294 -105 0
-295 -106 0
-296 -107 0
-297 -108 0
-289 -73 0
-290 -74 0
-291 -75 0
-292 -76 0
-293 -77 0
-294 -78 0
-295 -79 0
-296 -80 0
-297 -81 0
-289 -46 0
-290 -47 0
-291 -48 0
-292 -49 0
-293 -50 0
-294 -51 0
-295 -52 0
-296 -53 0
-297 -54 0
-280 -244 0
-281 -245 0
-282 -246 0
-283 -247 0
-284 -248 0
-285 -249 0
-286 -250 0
-287 -251 0
-288 -252 0
-280 -235 0
-281 -236 0
-282 -237 0
-283 -238 0
-284 -239 0
-285 -240 0
-286 -241 0
-287 -242 0
-288 -243 0
-280 -226 0
-281 -227 0
-282 -228 0
-283 -229 0
-284 -230 0
-285 -231 0
-286 -232 0
-287 -233 0
-288 -234 0
-280 -217 0
-281 -218 0
-282 -219 0
-283 -220 0
-284 -221 0
-285 -222 0
-286 -223 0
-287 -224 0
-288 -225 0
-280 -190 0
-281 -191 0
-282 -192 0
-283 -193 0
-284 -194 0
-285 -195 0
-286 -196 0
-287 -197 0
-288 -198 0
-280 -172 0
-281 -173 0
-282 -174 0
-283 -175 0
-284 -176 0
-285 -177 0
-286 -178 0
-287 -179 0
-288 -180 0
-280 -163 0
-281 -164 0
-282 -165 0
-283 -166 0
-284 -167 0
-285 -168 0
-286 -169 0
-287 -170 0
-288 -171 0
-280 -154 0
-281 -155 0
-282 -156 0
-283 -157 0
-284 -158 0
-285 -159 0
-286 -160 0
-287 -161 0
-288 -162 0
-280 -145 0
-281 -146 0
-282 -147 0
-283 -148 0
-284 -149 0
-285 -150 0
-286 -151 0
-287 -152 0
-288 -153 0
-280 -136 0
-281 -137 0
-282 -138 0
-283 -139 0
-284 -140 0
-285 -141 0
-286 -142 0
-287 -143 0
-288 -144 0
-280 -127 0
-281 -128 0
-282 -129 0
-283 -130 0
-284 -131 0
-285 -132 0
-286 -133 0
-287 -134 0
-288 -135 0
-280 -109 0
-281 -110 0
-282 -111 0
-283 -112 0
-284 -113 0
-285 -114 0
-286 -115 0
-287 -116 0
-288 -117 0
-280 -91 0
-281 -92 0
-282 -93 0
-283 -94 0
-284 -95 0
-285 -96 0
-286 -97 0
-287 -98 0
-288 -99 0
-280 -82 0
-281 -83 0
-282 -84 0
-283 -85 0
-284 -86 0
-285 -87 0
-286 -88 0
-287 -89 0
-288 -90 0
-280 -28 0
-281 -29 0
-282 -30 0
-283 -31 0
-284 -32 0
-285 -33 0
-286 -34 0
-287 -35 0
-288 -36 0
-280 -1 0
-281 -2 0
-282 -3 0
-283 -4 0
-284 -5 0
-285 -6 0
-286 -7 0
-287 -8 0
-288 -9 0
-271 -262 0
-272 -263 0
-273 -264 0
-274 -265 0
-275 -266 0
-276 -267 0
-277 -268 0
-278 -269 0
-279 -270 0
-271 -172 0
-272 -173 0
-273 -174 0
-274 -175 0
-275 -176 0
-276 -177 0
-277 -178 0
-278 -179 0
-279 -180 0
-271 -163 0
-272 -164 0
-273 -165 0
-274 -166 0
-275 -167 0
-276 -168 0
-277 -169 0
-278 -170 0
-279 -171 0
-271 -154 0
-272 -155 0
-273 -156 0
-274 -157 0
-275 -158 0
-276 -159 0
-277 -160 0
-278 -161 0
-279 -162 0
-271 -109 0
-272 -110 0
-273 -111 0
-274 -112 0
-275 -113 0
-276 -114 0
-277 -115 0
-278 -116 0
-279 -117 0
-271 -82 0
-272 -83 0
-273 -84 0
-274 -85 0
-275 -86 0
-276 -87 0
-277 -88 0
-278 -89 0
-279 -90 0
-271 -73 0
-272 -74 0
-273 -75 0
-274 -76 0
-275 -77 0
-276 -78 0
-277 -79 0
-278 -80 0
-279 -81 0
-271 -64 0
-272 -65 0
-273 -66 0
-274 -67 0
-275 -68 0
-276 -69 0
-277 -70 0
-278 -71 0
-279 -72 0
-271 -55 0
-272 -56 0
-273 -57 0
-274 -58 0
-275 -59 0
-276 -60 0
-277 -61 0
-278 -62 0
-279 -63 0
-271 -37 0
-272 -38 0
-273 -39 0
-274 -40 0
-275 -41 0
-276 -42 0
-277 -43 0
-278 -44 0
-279 -45 0
-271 -28 0
-272 -29 0
-273 -30 0
-274 -31 0
-275 -32 0
-276 -33 0
-277 -34 0
-278 -35 0
-279 -36 0
-262 -253 0
-263 -254 0
-264 -255 0
-265 -256 0
-266 -257 0
-267 -258 0
-268 -259 0
-269 -260 0
-270 -261 0
-262 -235 0
-263 -236 0
-264 -237 0
-265 -238 0
-266 -239 0
-267 -240 0
-268 -241 0
-269 -242 0
-270 -243 0
-262 -217 0
-263 -218 0
-264 -219 0
-265 -220 0
-266 -221 0
-267 -222 0
-268 -223 0
-269 -224 0
-270 -225 0
-262 -172 0
-263 -173 0
-264 -174 0
-265 -175 0
-266 -176 0
-267 -177 0
-268 -178 0
-269 -179 0
-270 -180 0
-262 -163 0
-263 -164 0
-264 -165 0
-265 -166 0
-266 -167 0
-267 -168 0
-268 -169 0
-269 -170 0
-270 -171 0
-262 -145 0
-263 -146 0
-264 -147 0
-265 -148 0
-266 -149 0
-267 -150 0
-268 -151 0
-269 -152 0
-270 -153 0
-262 -109 0
-263 -110 0
-264 -111 0
-265 -112 0
-266 -113 0
-267 -114 0
-268 -115 0
-269 -116 0
-270 -117 0
-262 -91 0
-263 -92 0
-264 -93 0
-265 -94 0
-266 -95 0
-267 -96 0
-268 -97 0
-269 -98 0
-270 -99 0
-262 -82 0
-263 -83 0
-264 -84 0
-265 -85 0
-266 -86 0
-267 -87 0
-268 -88 0
-269 -89 0
-270 -90 0
-262 -73 0
-263 -74 0
-264 -75 0
-265 -76 0
-266 -77 0
-267 -78 0
-268 -79 0
-269 -80 0
-270 -81 0
-262 -64 0
-263 -65 0
-264 -66 0
-265 -67 0
-266 -68 0
-267 -69 0
-268 -70 0
-269 -71 0
-270 -72 0
-262 -55 0
-263 -56 0
-264 -57 0
-265 -58 0
-266 -59 0
-267 -60 0
-268 -61 0
-269 -62 0
-270 -63 0
-262 -37 0
-263 -38 0
-264 -39 0
-265 -40 0
-266 -41 0
-267 -42 0
-268 -43 0
-269 -44 0
-270 -45 0
-262 -10 0
-263 -11 0
-264 -12 0
-265 -13 0
-266 -14 0
-267 -15 0
-268 -16 0
-269 -17 0
-270 -18 0
-253 -199 0
-254 -200 0
-255 -201 0
-256 -202 0
-257 -203 0
-258 -204 0
-259 -205 0
-260 -206 0
-261 -207 0
-253 -181 0
-254 -182 0
-255 -183 0
-256 -184 0
-257 -185 0
-258 -186 0
-259 -187 0
-260 -188 0
-261 -189 0
-253 -172 0
-254 -173 0
-255 -174 0
-256 -175 0
-257 -176 0
-258 -177 0
-259 -178 0
-260 -179 0
-261 -180 0
-253 -163 0
-254 -164 0
-255 -165 0
-256 -166 0
-257 -167 0
-258 -168 0
-259 -169 0
-260 -170 0
-261 -171 0
-253 -109 0
-254 -110 0
-255 -111 0
-256 -112 0
-257 -113 0
-258 -114 0
-259 -115 0
-260 -116 0
-261 -117 0
-253 -82 0
-254 -83 0
-255 -84 0
-256 -85 0
-257 -86 0
-258 -87 0
-259 -88 0
-260 -89 0
-261 -90 0
-253 -64 0
-254 -65 0
-255 -66 0
-256 -67 0
-257 -68 0
-258 -69 0
-259 -70 0
-260 -71 0
-261 -72 0
-253 -55 0
-254 -56 0
-255 -57 0
-256 -58 0
-257 -59 0
-258 -60 0
-259 -61 0
-260 -62 0
-261 -63 0
-253 -10 0
-254 -11 0
-255 -12 0
-256 -13 0
-257 -14 0
-258 -15 0
-259 -16 0
-260 -17 0
-261 -18 0
-253 -1 0
-254 -2 0
-255 -3 0
-256 -4 0
-257 -5 0
-258 -6 0
-259 -7 0
-260 -8 0
-261 -9 0
-244 -226 0
-245 -227 0
-246 -228 0
-247 -229 0
-248 -230 0
-249 -231 0
-250 -232 0
-251 -233 0
-252 -234 0
-244 -217 0
-245 -218 0
-246 -219 0
-247 -220 0
-248 -221 0
-249 -222 0
-250 -223 0
-251 -224 0
-252 -225 0
-244 -199 0
-245 -200 0
-246 -201 0
-247 -202 0
-248 -203 0
-249 -204 0
-250 -205 0
-251 -206 0
-252 -207 0
-244 -181 0
-245 -182 0
-246 -183 0
-247 -184 0
-248 -185 0
-249 -186 0
-250 -187 0
-251 -188 0
-252 -189 0
-244 -163 0
-245 -164 0
-246 -165 0
-247 -166 0
-248 -167 0
-249 -168 0
-250 -169 0
-251 -170 0
-252 -171 0
-244 -154 0
-245 -155 0
-246 -156 0
-247 -157 0
-248 -158 0
-249 -159 0
-250 -160 0
-251 -161 0
-252 -162 0
-244 -136 0
-245 -137 0
-246 -138 0
-247 -139 0
-248 -140 0
-249 -141 0
-250 -142 0
-251 -143 0
-252 -144 0
-244 -109 0
-245 -110 0
-246 -111 0
-247 -112 0
-248 -113 0
-249 -114 0
-250 -115 0
-251 -116 0
-252 -117 0
-244 -100 0
-245 -101 0
-246 -102 0
-247 -103 0
-248 -104 0
-249 -105 0
-250 -106 0
-251 -107 0
-252 -108 0
-244 -91 0
-245 -92 0
-246 -93 0
-247 -94 0
-248 -95 0
-249 -96 0
-250 -97 0
-251 -98 0
-252 -99 0
-244 -82 0
-245 -83 0
-246 -84 0
-247 -85 0
-248 -86 0
-249 -87 0
-250 -88 0
-251 -89 0
-252 -90 0
-244 -46 0
-245 -47 0
-246 -48 0
-247 -49 0
-248 -50 0
-249 -51 0
-250 -52 0
-251 -53 0
-252 -54 0
-244 -37 0
-245 -38 0
-246 -39 0
-247 -40 0
-248 -41 0
-249 -42 0
-250 -43 0
-251 -44 0
-252 -45 0
-244 -28 0
-245 -29 0
-246 -30 0
-247 -31 0
-248 -32 0
-249 -33 0
-250 -34 0
-251 -35 0
-252 -36 0
-244 -10 0
-245 -11 0
-246 -12 0
-247 -13 0
-248 -14 0
-249 -15 0
-250 -16 0
-251 -17 0
-252 -18 0
-244 -1 0
-245 -2 0
-246 -3 0
-247 -4 0
-248 -5 0
-249 -6 0
-250 -7 0
-251 -8 0
-252 -9 0
-235 -226 0
-236 -227 0
-237 -228 0
-238 -229 0
-239 -230 0
-240 -231 0
-241 -232 0
-242 -233 0
-243 -234 0
-235 -208 0
-236 -209 0
-237 -210 0
-238 -211 0
-239 -212 0
-240 -213 0
-241 -214 0
-242 -215 0
-243 -216 0
-235 -181 0
-236 -182 0
-237 -183 0
-238 -184 0
-239 -185 0
-240 -186 0
-241 -187 0
-242 -188 0
-243 -189 0
-235 -172 0
-236 -173 0
-237 -174 0
-238 -175 0
-239 -176 0
-240 -177 0
-241 -178 0
-242 -179 0
-243 -180 0
-235 -163 0
-236 -164 0
-237 -165 0
-238 -166 0
-239 -167 0
-240 -168 0
-241 -169 0
-242 -170 0
-243 -171 0
-235 -154 0
-236 -155 0
-237 -156 0
-238 -157 0
-239 -158 0
-240 -159 0
-241 -160 0
-242 -161 0
-243 -162 0
-235 -136 0
-236 -137 0
-237 -138 0
-238 -139 0
-239 -140 0
-240 -141 0
-241 -142 0
-242 -143 0
-243 -144 0
-235 -118 0
-236 -119 0
-237 -120 0
-238 -121 0
-239 -122 0
-240 -123 0
-241 -124 0
-242 -125 0
-243 -126 0
-235 -100 0
-236 -101 0
-237 -102 0
-238 -103 0
-239 -104 0
-240 -105 0
-241 -106 0
-242 -107 0
-243 -108 0
-235 -73 0
-236 -74 0
-237 -75 0
-238 -76 0
-239 -77 0
-240 -78 0
-241 -79 0
-242 -80 0
-243 -81 0
-235 -64 0
-236 -65 0
-237 -66 0
-238 -67 0
-239 -68 0
-240 -69 0
-241 -70 0
-242 -71 0
-243 -72 0
-235 -55 0
-236 -56 0
-237 -57 0
-238 -58 0
-239 -59 0
-240 -60 0
-241 -61 0
-242 -62 0
-243 -63 0
-235 -1 0
-236 -2 0
-237 -3 0
-238 -4 0
-239 -5 0
-240 -6 0
-241 -7 0
-242 -8 0
-243 -9 0
-226 -217 0
-227 -218 0
-228 -219 0
-229 -220 0
-230 -221 0
-231 -222 0
-232 -223 0
-233 -224 0
-234 -225 0
-226 -208 0
-227 -209 0
-228 -210 0
-229 -211 0
-230 -212 0
-231 -213 0
-232 -214 0
-233 -215 0
-234 -216 0
-226 -199 0
-227 -200 0
-228 -201 0
-229 -202 0
-230 -203 0
-231 -204 0
-232 -205 0
-233 -206 0
-234 -207 0
-226 -190 0
-227 -191 0
-228 -192 0
-229 -193 0
-230 -194 0
-231 -195 0
-232 -196 0
-233 -197 0
-234 -198 0
-226 -163 0
-227 -164 0
-228 -165 0
-229 -166 0
-230 -167 0
-231 -168 0
-232 -169 0
-233 -170 0
-234 -171 0
-226 -154 0
-227 -155 0
-228 -156 0
-229 -157 0
-230 -158 0
-231 -159 0
-232 -160 0
-233 -161 0
-234 -162 0
-226 -145 0
-227 -146 0
-228 -147 0
-229 -148 0
-230 -149 0
-231 -150 0
-232 -151 0
-233 -152 0
-234 -153 0
-226 -127 0
-227 -128 0
-228 -129 0
-229 -130 0
-230 -131 0
-231 -132 0
-232 -133 0
-233 -134 0
-234 -135 0
-226 -109 0
-227 -110 0
-228 -111 0
-229 -112 0
-230 -113 0
-231 -114 0
-232 -115 0
-233 -116 0
-234 -117 0
-226 -100 0
-227 -101 0
-228 -102 0
-229 -103 0
-230 -104 0
-231 -105 0
-232 -106 0
-233 -107 0
-234 -108 0
-226 -91 0
-227 -92 0
-228 -93 0
-229 -94 0
-230 -95 0
-231 -96 0
-232 -97 0
-233 -98 0
-234 -99 0
-226 -82 0
-227 -83 0
-228 -84 0
-229 -85 0
-230 -86 0
-231 -87 0
-232 -88 0
-233 -89 0
-234 -90 0
-226 -73 0
-227 -74 0
-228 -75 0
-229 -76 0
-230 -77 0
-231 -78 0
-232 -79 0
-233 -80 0
-234 -81 0
-226 -10 0
-227 -11 0
-228 -12 0
-229 -13 0
-230 -14 0
-231 -15 0
-232 -16 0
-233 -17 0
-234 -18 0
-226 -1 0
-227 -2 0
-228 -3 0
-229 -4 0
-230 -5 0
-231 -6 0
-232 -7 0
-233 -8 0
-234 -9 0
-217 -190 0
-218 -191 0
-219 -192 0
-220 -193 0
-221 -194 0
-222 -195 0
-223 -196 0
-224 -197 0
-225 -198 0
-217 -172 0
-218 -173 0
-219 -174 0
-220 -175 0
-221 -176 0
-222 -177 0
-223 -178 0
-224 -179 0
-225 -180 0
-217 -163 0
-218 -164 0
-219 -165 0
-220 -166 0
-221 -167 0
-222 -168 0
-223 -169 0
-224 -170 0
-225 -171 0
-217 -127 0
-218 -128 0
-219 -129 0
-220 -130 0
-221 -131 0
-222 -132 0
-223 -133 0
-224 -134 0
-225 -135 0
-217 -109 0
-218 -110 0
-219 -111 0
-220 -112 0
-221 -113 0
-222 -114 0
-223 -115 0
-224 -116 0
-225 -117 0
-217 -82 0
-218 -83 0
-219 -84 0
-220 -85 0
-221 -86 0
-222 -87 0
-223 -88 0
-224 -89 0
-225 -90 0
-217 -73 0
-218 -74 0
-219 -75 0
-220 -76 0
-221 -77 0
-222 -78 0
-223 -79 0
-224 -80 0
-225 -81 0
-217 -64 0
-218 -65 0
-219 -66 0
-220 -67 0
-221 -68 0
-222 -69 0
-223 -70 0
-224 -71 0
-225 -72 0
-217 -55 0
-218 -56 0
-219 -57 0
-220 -58 0
-221 -59 0
-222 -60 0
-223 -61 0
-224 -62 0
-225 -63 0
-217 -37 0
-218 -38 0
-219 -39 0
-220 -40 0
-221 -41 0
-222 -42 0
-223 -43 0
-224 -44 0
-225 -45 0
-217 -28 0
-218 -29 0
-219 -30 0
-220 -31 0
-221 -32 0
-222 -33 0
-223 -34 0
-224 -35 0
-225 -36 0
-217 -1 0
-218 -2 0
-219 -3 0
-220 -4 0
-221 -5 0
-222 -6 0
-223 -7 0
-224 -8 0
-225 -9 0
-208 -199 0
-209 -200 0
-210 -201 0
-211 -202 0
-212 -203 0
-213 -204 0
-214 -205 0
-215 -206 0
-216 -207 0
-208 -190 0
-209 -191 0
-210 -192 0
-211 -193 0
-212 -194 0
-213 -195 0
-214 -196 0
-215 -197 0
-216 -198 0
-208 -181 0
-209 -182 0
-210 -183 0
-211 -184 0
-212 -185 0
-213 -186 0
-214 -187 0
-215 -188 0
-216 -189 0
-208 -172 0
-209 -173 0
-210 -174 0
-211 -175 0
-212 -176 0
-213 -177 0
-214 -178 0
-215 -179 0
-216 -180 0
-208 -136 0
-209 -137 0
-210 -138 0
-211 -139 0
-212 -140 0
-213 -141 0
-214 -142 0
-215 -143 0
-216 -144 0
-208 -118 0
-209 -119 0
-210 -120 0
-211 -121 0
-212 -122 0
-213 -123 0
-214 -124 0
-215 -125 0
-216 -126 0
-208 -64 0
-209 -65 0
-210 -66 0
-211 -67 0
-212 -68 0
-213 -69 0
-214 -70 0
-215 -71 0
-216 -72 0
-208 -55 0
-209 -56 0
-210 -57 0
-211 -58 0
-212 -59 0
-213 -60 0
-214 -61 0
-215 -62 0
-216 -63 0
-208 -19 0
-209 -20 0
-210 -21 0
-211 -22 0
-212 -23 0
-213 -24 0
-214 -25 0
-215 -26 0
-216 -27 0
-199 -190 0
-200 -191 0
-201 -192 0
-202 -193 0
-203 -194 0
-204 -195 0
-205 -196 0
-206 -197 0
-207 -198 0
-199 -181 0
-200 -182 0
-201 -183 0
-202 -184 0
-203 -185 0
-204 -186 0
-205 -187 0
-206 -188 0
-207 -189 0
-199 -127 0
-200 -128 0
-201 -129 0
-202 -130 0
-203 -131 0
-204 -132 0
-205 -133 0
-206 -134 0
-207 -135 0
-199 -118 0
-200 -119 0
-201 -120 0
-202 -121 0
-203 -122 0
-204 -123 0
-205 -124 0
-206 -125 0
-207 -126 0
-199 -100 0
-200 -101 0
-201 -102 0
-202 -103 0
-203 -104 0
-204 -105 0
-205 -106 0
-206 -107 0
-207 -108 0
-199 -91 0
-200 -92 0
-201 -93 0
-202 -94 0
-203 -95 0
-204 -96 0
-205 -97 0
-206 -98 0
-207 -99 0
-199 -82 0
-200 -83 0
-201 -84 0
-202 -85 0
-203 -86 0
-204 -87 0
-205 -88 0
-206 -89 0
-207 -90 0
-199 -10 0
-200 -11 0
-201 -12 0
-202 -13 0
-203 -14 0
-204 -15 0
-205 -16 0
-206 -17 0
-207 -18 0
-199 -1 0
-200 -2 0
-201 -3 0
-202 -4 0
-203 -5 0
-204 -6 0
-205 -7 0
-206 -8 0
-207 -9 0
-190 -181 0
-191 -182 0
-192 -183 0
-193 -184 0
-194 -185 0
-195 -186 0
-196 -187 0
-197 -188 0
-198 -189 0
-190 -163 0
-191 -164 0
-192 -165 0
-193 -166 0
-194 -167 0
-195 -168 0
-196 -169 0
-197 -170 0
-198 -171 0
-190 -154 0
-191 -155 0
-192 -156 0
-193 -157 0
-194 -158 0
-195 -159 0
-196 -160 0
-197 -161 0
-198 -162 0
-190 -145 0
-191 -146 0
-192 -147 0
-193 -148 0
-194 -149 0
-195 -150 0
-196 -151 0
-197 -152 0
-198 -153 0
-190 -136 0
-191 -137 0
-192 -138 0
-193 -139 0
-194 -140 0
-195 -141 0
-196 -142 0
-197 -143 0
-198 -144 0
-190 -109 0
-191 -110 0
-192 -111 0
-193 -112 0
-194 -113 0
-195 -114 0
-196 -115 0
-197 -116 0
-198 -117 0
-190 -100 0
-191 -101 0
-192 -102 0
-193 -103 0
-194 -104 0
-195 -105 0
-196 -106 0
-197 -107 0
-198 -108 0
-190 -91 0
-191 -92 0
-192 -93 0
-193 -94 0
-194 -95 0
-195 -96 0
-196 -97 0
-197 -98 0
-198 -99 0
-190 -73 0
-191 -74 0
-192 -75 0
-193 -76 0
-194 -77 0
-195 -78 0
-196 -79 0
-197 -80 0
-198 -81 0
-190 -37 0
-191 -38 0
-192 -39 0
-193 -40 0
-194 -41 0
-195 -42 0
-196 -43 0
-197 -44 0
-198 -45 0
-190 -28 0
-191 -29 0
-192 -30 0
-193 -31 0
-194 -32 0
-195 -33 0
-196 -34 0
-197 -35 0
-198 -36 0
-190 -10 0
-191 -11 0
-192 -12 0
-193 -13 0
-194 -14 0
-195 -15 0
-196 -16 0
-197 -17 0
-198 -18 0
-190 -1 0
-191 -2 0
-192 -3 0
-193 -4 0
-194 -5 0
-195 -6 0
-196 -7 0
-197 -8 0
-198 -9 0
-181 -100 0
-182 -101 0
-183 -102 0
-184 -103 0
-185 -104 0
-186 -105 0
-187 -106 0
-188 -107 0
-189 -108 0
-181 -82 0
-182 -83 0
-183 -84 0
-184 -85 0
-185 -86 0
-186 -87 0
-187 -88 0
-188 -89 0
-189 -90 0
-181 -10 0
-182 -11 0
-183 -12 0
-184 -13 0
-185 -14 0
-186 -15 0
-187 -16 0
-188 -17 0
-189 -18 0
-181 -1 0
-182 -2 0
-183 -3 0
-184 -4 0
-185 -5 0
-186 -6 0
-187 -7 0
-188 -8 0
-189 -9 0
-172 -154 0
-173 -155 0
-174 -156 0
-175 -157 0
-176 -158 0
-177 -159 0
-178 -160 0
-179 -161 0
-180 -162 0
-172 -145 0
-173 -146 0
-174 -147 0
-175 -148 0
-176 -149 0
-177 -150 0
-178 -151 0
-179 -152 0
-180 -153 0
-172 -118 0
-173 -119 0
-174 -120 0
-175 -121 0
-176 -122 0
-177 -123 0
-178 -124 0
-179 -125 0
-180 -126 0
-172 -109 0
-173 -110 0
-174 -111 0
-175 -112 0
-176 -113 0
-177 -114 0
-178 -115 0
-179 -116 0
-180 -117 0
-172 -73 0
-173 -74 0
-174 -75 0
-175 -76 0
-176 -77 0
-177 -78 0
-178 -79 0
-179 -80 0
-180 -81 0
-172 -55 0
-173 -56 0
-174 -57 0
-175 -58 0
-176 -59 0
-177 -60 0
-178 -61 0
-179 -62 0
-180 -63 0
-172 -1 0
-173 -2 0
-174 -3 0
-175 -4 0
-176 -5 0
-177 -6 0
-178 -7 0
-179 -8 0
-180 -9 0
-163 -154 0
-164 -155 0
-165 -156 0
-166 -157 0
-167 -158 0
-168 -159 0
-169 -160 0
-170 -161 0
-171 -162 0
-163 -136 0
-164 -137 0
-165 -138 0
-166 -139 0
-167 -140 0
-168 -141 0
-169 -142 0
-170 -143 0
-171 -144 0
-163 -127 0
-164 -128 0
-165 -129 0
-166 -130 0
-167 -131 0
-168 -132 0
-169 -133 0
-170 -134 0
-171 -135 0
-163 -109 0
-164 -110 0
-165 -111 0
-166 -112 0
-167 -113 0
-168 -114 0
-169 -115 0
-170 -116 0
-171 -117 0
-163 -100 0
-164 -101 0
-165 -102 0
-166 -103 0
-167 -104 0
-168 -105 0
-169 -106 0
-170 -107 0
-171 -108 0
-163 -91 0
-164 -92 0
-165 -93 0
-166 -94 0
-167 -95 0
-168 -96 0
-169 -97 0
-170 -98 0
-171 -99 0
-163 -37 0
-164 -38 0
-165 -39 0
-166 -40 0
-167 -41 0
-168 -42 0
-169 -43 0
-170 -44 0
-171 -45 0
-163 -28 0
-164 -29 0
-165 -30 0
-166 -31 0
-167 -32 0
-168 -33 0
-169 -34 0
-170 -35 0
-171 -36 0
-154 -145 0
-155 -146 0
-156 -147 0
-157 -148 0
-158 -149 0
-159 -150 0
-160 -151 0
-161 -152 0
-162 -153 0
-154 -136 0
-155 -137 0
-156 -138 0
-157 -139 0
-158 -140 0
-159 -141 0
-160 -142 0
-161 -143 0
-162 -144 0
-154 -127 0
-155 -128 0
-156 -129 0
-157 -130 0
-158 -131 0
-159 -132 0
-160 -133 0
-161 -134 0
-162 -135 0
-154 -100 0
-155 -101 0
-156 -102 0
-157 -103 0
-158 -104 0
-159 -105 0
-160 -106 0
-161 -107 0
-162 -108 0
-154 -91 0
-155 -92 0
-156 -93 0
-157 -94 0
-158 -95 0
-159 -96 0
-160 -97 0
-161 -98 0
-162 -99 0
-154 -82 0
-155 -83 0
-156 -84 0
-157 -85 0
-158 -86 0
-159 -87 0
-160 -88 0
-161 -89 0
-162 -90 0
-154 -73 0
-155 -74 0
-156 -75 0
-157 -76 0
-158 -77 0
-159 -78 0
-160 -79 0
-161 -80 0
-162 -81 0
-154 -55 0
-155 -56 0
-156 -57 0
-157 -58 0
-158 -59 0
-159 -60 0
-160 -61 0
-161 -62 0
-162 -63 0
-154 -1 0
-155 -2 0
-156 -3 0
-157 -4 0
-158 -5 0
-159 -6 0
-160 -7 0
-161 -8 0
-162 -9 0
-145 -136 0
-146 -137 0
-147 -138 0
-148 -139 0
-149 -140 0
-150 -141 0
-151 -142 0
-152 -143 0
-153 -144 0
-145 -100 0
-146 -101 0
-147 -102 0
-148 -103 0
-149 -104 0
-150 -105 0
-151 -106 0
-152 -107 0
-153 -108 0
-145 -73 0
-146 -74 0
-147 -75 0
-148 -76 0
-149 -77 0
-150 -78 0
-151 -79 0
-152 -80 0
-153 -81 0
-145 -64 0
-146 -65 0
-147 -66 0
-148 -67 0
-149 -68 0
-150 -69 0
-151 -70 0
-152 -71 0
-153 -72 0
-145 -55 0
-146 -56 0
-147 -57 0
-148 -58 0
-149 -59 0
-150 -60 0
-151 -61 0
-152 -62 0
-153 -63 0
-145 -46 0
-146 -47 0
-147 -48 0
-148 -49 0
-149 -50 0
-150 -51 0
-151 -52 0
-152 -53 0
-153 -54 0
-145 -37 0
-146 -38 0
-147 -39 0
-148 -40 0
-149 -41 0
-150 -42 0
-151 -43 0
-152 -44 0
-153 -45 0
-145 -1 0
-146 -2 0
-147 -3 0
-148 -4 0
-149 -5 0
-150 -6 0
-151 -7 0
-152 -8 0
-153 -9 0
-136 -127 0
-137 -128 0
-138 -129 0
-139 -130 0
-140 -131 0
-141 -132 0
-142 -133 0
-143 -134 0
-144 -135 0
-136 -118 0
-137 -119 0
-138 -120 0
-139 -121 0
-140 -122 0
-141 -123 0
-142 -124 0
-143 -125 0
-144 -126 0
-136 -100 0
-137 -101 0
-138 -102 0
-139 -103 0
-140 -104 0
-141 -105 0
-142 -106 0
-143 -107 0
-144 -108 0
-136 -73 0
-137 -74 0
-138 -75 0
-139 -76 0
-140 -77 0
-141 -78 0
-142 -79 0
-143 -80 0
-144 -81 0
-136 -19 0
-137 -20 0
-138 -21 0
-139 -22 0
-140 -23 0
-141 -24 0
-142 -25 0
-143 -26 0
-144 -27 0
-136 -1 0
-137 -2 0
-138 -3 0
-139 -4 0
-140 -5 0
-141 -6 0
-142 -7 0
-143 -8 0
-144 -9 0
-127 -109 0
-128 -110 0
-129 -111 0
-130 -112 0
-131 -113 0
-132 -114 0
-133 -115 0
-134 -116 0
-135 -117 0
-127 -100 0
-128 -101 0
-129 -102 0
-130 -103 0
-131 -104 0
-132 -105 0
-133 -106 0
-134 -107 0
-135 -108 0
-127 -91 0
-128 -92 0
-129 -93 0
-130 -94 0
-131 -95 0
-132 -96 0
-133 -97 0
-134 -98 0
-135 -99 0
-127 -82 0
-128 -83 0
-129 -84 0
-130 -85 0
-131 -86 0
-132 -87 0
-133 -88 0
-134 -89 0
-135 -90 0
-127 -46 0
-128 -47 0
-129 -48 0
-130 -49 0
-131 -50 0
-132 -51 0
-133 -52 0
-134 -53 0
-135 -54 0
-127 -37 0
-128 -38 0
-129 -39 0
-130 -40 0
-131 -41 0
-132 -42 0
-133 -43 0
-134 -44 0
-135 -45 0
-127 -28 0
-128 -29 0
-129 -30 0
-130 -31 0
-131 -32 0
-132 -33 0
-133 -34 0
-134 -35 0
-135 -36 0
-127 -10 0
-128 -11 0
-129 -12 0
-130 -13 0
-131 -14 0
-132 -15 0
-133 -16 0
-134 -17 0
-135 -18 0
-127 -1 0
-128 -2 0
-129 -3 0
-130 -4 0
-131 -5 0
-132 -6 0
-133 -7 0
-134 -8 0
-135 -9 0
-118 -100 0
-119 -101 0
-120 -102 0
-121 -103 0
-122 -104 0
-123 -105 0
-124 -106 0
-125 -107 0
-126 -108 0
-118 -64 0
-119 -65 0
-120 -66 0
-121 -67 0
-122 -68 0
-123 -69 0
-124 -70 0
-125 -71 0
-126 -72 0
-118 -55 0
-119 -56 0
-120 -57 0
-121 -58 0
-122 -59 0
-123 -60 0
-124 -61 0
-125 -62 0
-126 -63 0
-118 -46 0
-119 -47 0
-120 -48 0
-121 -49 0
-122 -50 0
-123 -51 0
-124 -52 0
-125 -53 0
-126 -54 0
-118 -19 0
-119 -20 0
-120 -21 0
-121 -22 0
-122 -23 0
-123 -24 0
-124 -25 0
-125 -26 0
-126 -27 0
-109 -91 0
-110 -92 0
-111 -93 0
-112 -94 0
-113 -95 0
-114 -96 0
-115 -97 0
-116 -98 0
-117 -99 0
-109 -82 0
-110 -83 0
-111 -84 0
-112 -85 0
-113 -86 0
-114 -87 0
-115 -88 0
-116 -89 0
-117 -90 0
-109 -73 0
-110 -74 0
-111 -75 0
-112 -76 0
-113 -77 0
-114 -78 0
-115 -79 0
-116 -80 0
-117 -81 0
-109 -64 0
-110 -65 0
-111 -66 0
-112 -67 0
-113 -68 0
-114 -69 0
-115 -70 0
-116 -71 0
-117 -72 0
-109 -46 0
-110 -47 0
-111 -48 0
-112 -49 0
-113 -50 0
-114 -51 0
-115 -52 0
-116 -53 0
-117 -54 0
-109 -37 0
-110 -38 0
-111 -39 0
-112 -40 0
-113 -41 0
-114 -42 0
-115 -43 0
-116 -44 0
-117 -45 0
-109 -28 0
-110 -29 0
-111 -30 0
-112 -31 0
-113 -32 0
-114 -33 0
-115 -34 0
-116 -35 0
-117 -36 0
-109 -1 0
-110 -2 0
-111 -3 0
-112 -4 0
-113 -5 0
-114 -6 0
-115 -7 0
-116 -8 0
-117 -9 0
-100 -19 0
-101 -20 0
-102 -21 0
-103 -22 0
-104 -23 0
-105 -24 0
-106 -25 0
-107 -26 0
-108 -27 0
-100 -1 0
-101 -2 0
-102 -3 0
-103 -4 0
-104 -5 0
-105 -6 0
-106 -7 0
-107 -8 0
-108 -9 0
-91 -82 0
-92 -83 0
-93 -84 0
-94 -85 0
-95 -86 0
-96 -87 0
-97 -88 0
-98 -89 0
-99 -90 0
-91 -37 0
-92 -38 0
-93 -39 0
-94 -40 0
-95 -41 0
-96 -42 0
-97 -43 0
-98 -44 0
-99 -45 0
-91 -28 0
-92 -29 0
-93 -30 0
-94 -31 0
-95 -32 0
-96 -33 0
-97 -34 0
-98 -35 0
-99 -36 0
-91 -1 0
-92 -2 0
-93 -3 0
-94 -4 0
-95 -5 0
-96 -6 0
-97 -7 0
-98 -8 0
-99 -9 0
-82 -64 0
-83 -65 0
-84 -66 0
-85 -67 0
-86 -68 0
-87 -69 0
-88 -70 0
-89 -71 0
-90 -72 0
-82 -37 0
-83 -38 0
-84 -39 0
-85 -40 0
-86 -41 0
-87 -42 0
-88 -43 0
-89 -44 0
-90 -45 0
-82 -28 0
-83 -29 0
-84 -30 0
-85 -31 0
-86 -32 0
-87 -33 0
-88 -34 0
-89 -35 0
-90 -36 0
-82 -10 0
-83 -11 0
-84 -12 0
-85 -13 0
-86 -14 0
-87 -15 0
-88 -16 0
-89 -17 0
-90 -18 0
-73 -64 0
-74 -65 0
-75 -66 0
-76 -67 0
-77 -68 0
-78 -69 0
-79 -70 0
-80 -71 0
-81 -72 0
-73 -55 0
-74 -56 0
-75 -57 0
-76 -58 0
-77 -59 0
-78 -60 0
-79 -61 0
-80 -62 0
-81 -63 0
-73 -46 0
-74 -47 0
-75 -48 0
-76 -49 0
-77 -50 0
-78 -51 0
-79 -52 0
-80 -53 0
-81 -54 0
-73 -37 0
-74 -38 0
-75 -39 0
-76 -40 0
-77 -41 0
-78 -42 0
-79 -43 0
-80 -44 0
-81 -45 0
-73 -19 0
-74 -20 0
-75 -21 0
-76 -22 0
-77 -23 0
-78 -24 0
-79 -25 0
-80 -26 0
-81 -27 0
-73 -1 0
-74 -2 0
-75 -3 0
-76 -4 0
-77 -5 0
-78 -6 0
-79 -7 0
-80 -8 0
-81 -9 0
-64 -55 0
-65 -56 0
-66 -57 0
-67 -58 0
-68 -59 0
-69 -60 0
-70 -61 0
-71 -62 0
-72 -63 0
-64 -46 0
-65 -47 0
-66 -48 0
-67 -49 0
-68 -50 0
-69 -51 0
-70 -52 0
-71 -53 0
-72 -54 0
-64 -19 0
-65 -20 0
-66 -21 0
-67 -22 0
-68 -23 0
-69 -24 0
-70 -25 0
-71 -26 0
-72 -27 0
-64 -10 0
-65 -11 0
-66 -12 0
-67 -13 0
-68 -14 0
-69 -15 0
-70 -16 0
-71 -17 0
-72 -18 0
-55 -19 0
-56 -20 0
-57 -21 0
-58 -22 0
-59 -23 0
-60 -24 0
-61 -25 0
-62 -26 0
-63 -27 0
-46 -37 0
-47 -38 0
-48 -39 0
-49 -40 0
-50 -41 0
-51 -42 0
-52 -43 0
-53 -44 0
-54 -45 0
-46 -28 0
-47 -29 0
-48 -30 0
-49 -31 0
-50 -32 0
-51 -33 0
-52 -34 0
-53 -35 0
-54 -36 0
-46 -19 0
-47 -20 0
-48 -21 0
-49 -22 0
-50 -23 0
-51 -24 0
-52 -25 0
-53 -26 0
-54 -27 0
-46 -10 0
-47 -11 0
-48 -12 0
-49 -13 0
-50 -14 0
-51 -15 0
-52 -16 0
-53 -17 0
-54 -18 0
-37 -19 0
-38 -20 0
-39 -21 0
-40 -22 0
-41 -23 0
-42 -24 0
-43 -25 0
-44 -26 0
-45 -27 0
-37 -10 0
-38 -11 0
-39 -12 0
-40 -13 0
-41 -14 0
-42 -15 0
-43 -16 0
-44 -17 0
-45 -18 0
-28 -19 0
-29 -20 0
-30 -21 0
-31 -22 0
-32 -23 0
-33 -24 0
-34 -25 0
-35 -26 0
-36 -27 0
-28 -10 0
-29 -11 0
-30 -12 0
-31 -13 0
-32 -14 0
-33 -15 0
-34 -16 0
-35 -17 0
-36 -18 0
-19 -10 0
-20 -11 0
-21 -12 0
-22 -13 0
-23 -14 0
-24 -15 0
-25 -16 0
-26 -17 0
-27 -18 0
442 443 444 445 446 447 448 449 450 0
-442 -443 0
-442 -444 0
-442 -445 0
-442 -446 0
-442 -447 0
-442 -448 0
-442 -449 0
-442 -450 0
-443 -444 0
-443 -445 0
-443 -446 0
-443 -447 0
-443 -448 0
-443 -449 0
-443 -450 0
-444 -445 0
-444 -446 0
-444 -447 0
-444 -448 0
-444 -449 0
-444 -450 0
-445 -446 0
-445 -447 0
-445 -448 0
-445 -449 0
-445 -450 0
-446 -447 0
-446 -448 0
-446 -449 0
-446 -450 0
-447 -448 0
-447 -449 0
-447 -450 0
-448 -449 0
-448 -450 0
-449 -450 0
433 434 435 436 437 438 439 440 441 0
-433 -434 0
-433 -435 0
-433 -436 0
-433 -437 0
-433 -438 0
-433 -439 0
-433 -440 0
-433 -441 0
-434 -435 0
-434 -436 0
-434 -437 0
-434 -438 0
-434 -439 0
-434 -440 0
-434 -441 0
-435 -436 0
-435 -437 0
-435 -438 0
-435 -439 0
-435 -440 0
-435 -441 0
-436 -437 0
-436 -438 0
-436 -439 0
-436 -440 0
-436 -441 0
-437 -438 0
-437 -439 0
-437 -440 0
-437 -441 0
-438 -439 0
-438 -440 0
-438 -441 0
-439 -440 0
-439 -441 0
-440 -441 0
424 425 426 427 428 429 430 431 432 0
-424 -425 0
-424 -426 0
-424 -427 0
-424 -428 0
-424 -429 0
-424 -430 0
-424 -431 0
-424 -432 0
-425 -426 0
-425 -427 0
-425 -428 0
-425 -429 0
-425 -430 0
-425 -431 0
-425 -432 0
-426 -427 0
-426 -428 0
-426 -429 0
-426 -430 0
-426 -431 0
-426 -432 0
-427 -428 0
-427 -429 0
-427 -430 0
-427 -431 0
-427 -432 0
-428 -429 0
-428 -430 0
-428 -431 0
-428 -432 0
-429 -430 0
-429 -431 0
-429 -432 0
-430 -431 0
-430 -432 0
-431 -432 0
415 416 417 418 419 420 421 422 423 0
-415 -416 0
-415 -417 0
-415 -418 0
-415 -419 0
-415 -420 0
-415 -421 0
-415 -422 0
-415 -423 0
-416 -417 0
-416 -418 0
-416 -419 0
-416 -420 0
-416 -421 0
-416 -422 0
-416 -423 0
-417 -418 0
-417 -419 0
-417 -420 0
-417 -421 0
-417 -422 0
-417 -423 0
-418 -419 0
-418 -420 0
-418 -421 0
-418 -422 0
-418 -423 0
-419 -420 0
-419 -421 0
-419 -422 0
-419 -423 0
-420 -421 0
-420 -422 0
-420 -423 0
-421 -422 0
-421 -423 0
-422 -423 0
406 407 408 409 410 411 412 413 414 0
-406 -407 0
-406 -408 0
-406 -409 0
-406 -410 0
-406 -411 0
-406 -412 0
-406 -413 0
-406 -414 0
-407 -408 0
-407 -409 0
-407 -410 0
-407 -411 0
-407 -412 0
-407 -413 0
-407 -414 0
-408 -409 0
-408 -410 0
-408 -411 0
-408 -412 0
-408 -413 0
-408 -414 0
-409 -410 0
-409 -411 0
-409 -412 0
-409 -413 0
-409 -414 0
-410 -411 0
-410 -412 0
-410 -413 0
-410 -414 0
-411 -412 0
-411 -413 0
-411 -414 0
-412 -413 0
-412 -414 0
-413 -414 0
397 398 399 400 401 402 403 404 405 0
-397 -398 0
-397 -399 0
-397 -400 0
-397 -401 0
-397 -402 0
-397 -403 0
-397 -404 0
-397 -405 0
-398 -399 0
-398 -400 0
-398 -401 0
-398 -402 0
-398 -403 0
-398 -404 0
-398 -405 0
-399 -400 0
-399 -401 0
-399 -402 0
-399 -403 0
-399 -404 0
-399 -405 0
-400 -401 0
-400 -402 0
-400 -403 0
-400 -404 0
-400 -405 0
-401 -402 0
-401 -403 0
-401 -404 0
-401 -405 0
-402 -403 0
-402 -404 0
-402 -405 0
-403 -404 0
-403 -405 0
-404 -405 0
388 389 390 391 392 393 394 395 396 0
-388 -389 0
-388 -390 0
-388 -391 0
-388 -392 0
-388 -393 0
-388 -394 0
-388 -395 0
-388 -396 0
-389 -390 0
-389 -391 0
-389 -392 0
-389 -393 0
-389 -394 0
-389 -395 0
-389 -396 0
-390 -391 0
-390 -392 0
-390 -393 0
-390 -394 0
-390 -395 0
-390 -396 0
-391 -392 0
-391 -393 0
-391 -394 0
-391 -395 0
-391 -396 0
-392 -393 0
-392 -394 0
-392 -395 0
-392 -396 0
-393 -394 0
-393 -395 0
-393 -396 0
-394 -395 0
-394 -396 0
-395 -396 0
379 380 381 382 383 384 385 386 387 0
-379 -380 0
-379 -381 0
-379 -382 0
-379 -383 0
-379 -384 0
-379 -385 0
-379 -386 0
-379 -387 0
-380 -381 0
-380 -382 0
-380 -383 0
-380 -384 0
-380 -385 0
-380 -386 0
-380 -387 0
-381 -382 0
-381 -383 0
-381 -384 0
-381 -385 0
-381 -386 0
-381 -387 0
-382 -383 0
-382 -384 0
-382 -385 0
-382 -386 0
-382 -387 0
-383 -384 0
-383 -385 0
-383 -386 0
-383 -387 0
-384 -385 0
-384 -386 0
-384 -387 0
-385 -386 0
-385 -387 0
-386 -387 0
370 371 372 373 374 375 376 377 378 0
-370 -371 0
-370 -372 0
-370 -373 0
-370 -374 0
-370 -375 0
-370 -376 0
-370 -377 0
-370 -378 0
-371 -372 0
-371 -373 0
-371 -374 0
-371 -375 0
-371 -376 0
-371 -377 0
-371 -378 0
-372 -373 0
-372 -374 0
-372 -375 0
-372 -376 0
-372 -377 0
-372 -378 0
-373 -374 0
-373 -375 0
-373 -376 0
-373 -377 0
-373 -378 0
-374 -375 0
-374 -376 0
-374 -377 0
-374 -378 0
-375 -376 0
-375 -377 0
-375 -378 0
-376 -377 0
-376 -378 0
-377 -378 0
361 362 363 364 365 366 367 368 369 0
-361 -362 0
-361 -363 0
-361 -364 0
-361 -365 0
-361 -366 0
-361 -367 0
-361 -368 0
-361 -369 0
-362 -363 0
-362 -364 0
-362 -365 0
-362 -366 0
-362 -367 0
-362 -368 0
-362 -369 0
-363 -364 0
-363 -365 0
-363 -366 0
-363 -367 0
-363 -368 0
-363 -369 0
-364 -365 0
-364 -366 0
-364 -367 0
-364 -368 0
-364 -369 0
-365 -366 0
-365 -367 0
-365 -368 0
-365 -369 0
-366 -367 0
-366 -368 0
-366 -369 0
-367 -368 0
-367 -369 0
-368 -369 0
352 353 354 355 356 357 358 359 360 0
-352 -353 0
-352 -354 0
-352 -355 0
-352 -356 0
-352 -357 0
-352 -358 0
-352 -359 0
-352 -360 0
-353 -354 0
-353 -355 0
-353 -356 0
-353 -357 0
-353 -358 0
-353 -359 0
-353 -360 0
-354 -355 0
-354 -356 0
-354 -357 0
-354 -358 0
-354 -359 0
-354 -360 0
-355 -356 0
-355 -357 0
-355 -358 0
-355 -359 0
-355 -360 0
-356 -357 0
-356 -358 0
-356 -359 0
-356 -360 0
-357 -358 0
-357 -359 0
-357 -360 0
-358 -359 0
-358 -360 0
-359 -360 0
343 344 345 346 347 348 349 350 351 0
-343 -344 0
-343 -345 0
-343 -346 0
-343 -347 0
-343 -348 0
-343 -349 0
-343 -350 0
-343 -351 0
-344 -345 0
-344 -346 0
-344 -347 0
-344 -348 0
-344 -349 0
-344 -350 0
-344 -351 0
-345 -346 0
-345 -347 0
-345 -348 0
-345 -349 0
-345 -350 0
-345 -351 0
-346 -347 0
-346 -348 0
-346 -349 0
-346 -350 0
-346 -351 0
-347 -348 0
-347 -349 0
-347 -350 0
-347 -351 0
-348 -349 0
-348 -350 0
-348 -351 0
-349 -350 0
-349 -351 0
-350 -351 0
334 335 336 337 338 339 340 341 342 0
-334 -335 0
-334 -336 0
-334 -337 0
-334 -338 0
-334 -339 0
-334 -340 0
-334 -341 0
-334 -342 0
-335 -336 0
-335 -337 0
-335 -338 0
-335 -339 0
-335 -340 0
-335 -341 0
-335 -342 0
-336 -337 0
-336 -338 0
-336 -339 0
-336 -340 0
-336 -341 0
-336 -342 0
-337 -338 0
-337 -339 0
-337 -340 0
-337 -341 0
-337 -342 0
-338 -339 0
-338 -340 0
-338 -341 0
-338 -342 0
-339 -340 0
-339 -341 0
-339 -342 0
-340 -341 0
-340 -342 0
-341 -342 0
325 326 327 328 329 330 331 332 333 0
-325 -326 0
-325 -327 0
-325 -328 0
-325 -329 0
-325 -330 0
-325 -331 0
-325 -332 0
-325 -333 0
-326 -327 0
-326 -328 0
-326 -329 0
-326 -330 0
-326 -331 0
-326 -332 0
-326 -333 0
-327 -328 0
-327 -329 0
-327 -330 0
-327 -331 0
-327 -332 0
-327 -333 0
-328 -329 0
-328 -330 0
-328 -331 0
-328 -332 0
-328 -333 0
-329 -330 0
-329 -331 0
-329 -332 0
-329 -333 0
-330 -331 0
-330 -332 0
-330 -333 0
-331 -332 0
-331 -333 0
-332 -333 0
316 317 318 319 320 321 322 323 324 0
-316 -317 0
-316 -318 0
-316 -319 0
-316 -320 0
-316 -321 0
-316 -322 0
-316 -323 0
-316 -324 0
-317 -318 0
-317 -319 0
-317 -320 0
-317 -321 0
-317 -322 0
-317 -323 0
-317 -324 0
-318 -319 0
-318 -320 0
-318 -321 0
-318 -322 0
-318 -323 0
-318 -324 0
-319 -320 0
-319 -321 0
-319 -322 0
-319 -323 0
-319 -324 0
-320 -321 0
-320 -322 0
-320 -323 0
-320 -324 0
-321 -322 0
-321 -323 0
-321 -324 0
-322 -323 0
-322 -324 0
-323 -324 0
307 308 309 310 311 312 313 314 315 0
-307 -308 0
-307 -309 0
-307 -310 0
-307 -311 0
-307 -312 0
-307 -313 0
-307 -314 0
-307 -315 0
-308 -309 0
-308 -310 0
-308 -311 0
-308 -312 0
-308 -313 0
-308 -314 0
-308 -315 0
-309 -310 0
-309 -311 0
-309 -312 0
-309 -313 0
-309 -314 0
-309 -315 0
-310 -311 0
-310 -312 0
-310 -313 0
-310 -314 0
-310 -315 0
-311 -312 0
-311 -313 0
-311 -314 0
-311 -315 0
-312 -313 0
-312 -314 0
-312 -315 0
-313 -314 0
-313 -315 0
-314 -315 0
298 299 300 301 302 303 304 305 306 0
-298 -299 0
-298 -300 0
-298 -301 0
-298 -302 0
-298 -303 0
-298 -304 0
-298 -305 0
-298 -306 0
-299 -300 0
-299 -301 0
-299 -302 0
-299 -303 0
-299 -304 0
-299 -305 0
-299 -306 0
-300 -301 0
-300 -302 0
-300 -303 0
-300 -304 0
-300 -305 0
-300 -306 0
-301 -302 0
-301 -303 0
-301 -304 0
-301 -305 0
-301 -306 0
-302 -303 0
-302 -304 0
-302 -305 0
-302 -306 0
-303 -304 0
-303 -305 0
-303 -306 0
-304 -305 0
-304 -306 0
-305 -306 0
289 290 291 292 293 294 295 296 297 0
-289 -290 0
-289 -291 0
-289 -292 0
-289 -293 0
-289 -294 0
-289 -295 0
-289 -296 0
-289 -297 0
-290 -291 0
-290 -292 0
-290 -293 0
-290 -294 0
-290 -295 0
-290 -296 0
-290 -297 0
-291 -292 0
-291 -293 0
-291 -294 0
-291 -295 0
-291 -296 0
-291 -297 0
-292 -293 0
-292 -294 0
-292 -295 0
-292 -296 0
-292 -297 0
-293 -294 0
-293 -295 0
-293 -296 0
-293 -297 0
-294 -295 0
-294 -296 0
-294 -297 0
-295 -296 0
-295 -297 0
-296 -297 0
280 281 282 283 284 285 286 287 288 0
-280 -281 0
-280 -282 0
-280 -283 0
-280 -284 0
-280 -285 0
-280 -286 0
-280 -287 0
-280 -288 0
-281 -282 0
-281 -283 0
-281 -284 0
-281 -285 0
-281 -286 0
-281 -287 0
-281 -288 0
-282 -283 0
-282 -284 0
-282 -285 0
-282 -286 0
-282 -287 0
-282 -288 0
-283 -284 0
-283 -285 0
-283 -286 0
-283 -287 0
-283 -288 0
-284 -285 0
-284 -286 0
-284 -287 0
-284 -288 0
-285 -286 0
-285 -287 0
-285 -288 0
-286 -287 0
-286 -288 0
-287 -288 0
271 272 273 274 275 276 277 278 279 0
-271 -272 0
-271 -273 0
-271 -274 0
-271 -275 0
-271 -276 0
-271 -277 0
-271 -278 0
-271 -279 0
-272 -273 0
-272 -274 0
-272 -275 0
-272 -276 0
-272 -277 0
-272 -278 0
-272 -279 0
-273 -274 0
-273 -275 0
-273 -276 0
-273 -277 0
-273 -278 0
-273 -279 0
-274 -275 0
-274 -276 0
-274 -277 0
-274 -278 0
-274 -279 0
-275 -276 0
-275 -277 0
-275 -278 0
-275 -279 0
-276 -277 0
-276 -278 0
-276 -279 0
-277 -278 0
-277 -279 0
-278 -279 0
262 263 264 265 266 267 268 269 270 0
-262 -263 0
-262 -264 0
-262 -265 0
-262 -266 0
-262 -267 0
-262 -268 0
-262 -269 0
-262 -270 0
-263 -264 0
-263 -265 0
-263 -266 0
-263 -267 0
-263 -268 0
-263 -269 0
-263 -270 0
-264 -265 0
-264 -266 0
-264 -267 0
-264 -268 0
-264 -269 0
-264 -270 0
-265 -266 0
-265 -267 0
-265 -268 0
-265 -269 0
-265 -270 0
-266 -267 0
-266 -268 0
-266 -269 0
-266 -270 0
-267 -268 0
-267 -269 0
-267 -270 0
-268 -269 0
-268 -270 0
-269 -270 0
253 254 255 256 257 258 259 260 261 0
-253 -254 0
-253 -255 0
-253 -256 0
-253 -257 0
-253 -258 0
-253 -259 0
-253 -260 0
-253 -261 0
-254 -255 0
-254 -256 0
-254 -257 0
-254 -258 0
-254 -259 0
-254 -260 0
-254 -261 0
-255 -256 0
-255 -257 0
-255 -258 0
-255 -259 0
-255 -260 0
-255 -261 0
-256 -257 0
-256 -258 0
-256 -259 0
-256 -260 0
-256 -261 0
-257 -258 0
-257 -259 0
-257 -260 0
-257 -261 0
-258 -259 0
-258 -260 0
-258 -261 0
-259 -260 0
-259 -261 0
-260 -261 0
244 245 246 247 248 249 250 251 252 0
-244 -245 0
-244 -246 0
-244 -247 0
-244 -248 0
-244 -249 0
-244 -250 0
-244 -251 0
-244 -252 0
-245 -246 0
-245 -247 0
-245 -248 0
-245 -249 0
-245 -250 0
-245 -251 0
-245 -252 0
-246 -247 0
-246 -248 0
-246 -249 0
-246 -250 0
-246 -251 0
-246 -252 0
-247 -248 0
-247 -249 0
-247 -250 0
-247 -251 0
-247 -252 0
-248 -249 0
-248 -250 0
-248 -251 0
-248 -252 0
-249 -250 0
-249 -251 0
-249 -252 0
-250 -251 0
-250 -252 0
-251 -252 0
235 236 237 238 239 240 241 242 243 0
-235 -236 0
-235 -237 0
-235 -238 0
-235 -239 0
-235 -240 0
-235 -241 0
-235 -242 0
-235 -243 0
-236 -237 0
-236 -238 0
-236 -239 0
-236 -240 0
-236 -241 0
-236 -242 0
-236 -243 0
-237 -238 0
-237 -239 0
-237 -240 0
-237 -241 0
-237 -242 0
-237 -243 0
-238 -239 0
-238 -240 0
-238 -241 0
-238 -242 0
-238 -243 0
-239 -240 0
-239 -241 0
-239 -242 0
-239 -243 0
-240 -241 0
-240 -242 0
-240 -243 0
-241 -242 0
-241 -243 0
-242 -243 0
226 227 228 229 230 231 232 233 234 0
-226 -227 0
-226 -228 0
-226 -229 0
-226 -230 0
-226 -231 0
-226 -232 0
-226 -233 0
-226 -234 0
-227 -228 0
-227 -229 0
-227 -230 0
-227 -231 0
-227 -232 0
-227 -233 0
-227 -234 0
-228 -229 0
-228 -230 0
-228 -231 0
-228 -232 0
-228 -233 0
-228 -234 0
-229 -230 0
-229 -231 0
-229 -232 0
-229 -233 0
-229 -234 0
-230 -231 0
-230 -232 0
-230 -233 0
-230 -234 0
-231 -232 0
-231 -233 0
-231 -234 0
-232 -233 0
-232 -234 0
-233 -234 0
217 218 219 220 221 222 223 224 225 0
-217 -218 0
-217 -219 0
-217 -220 0
-217 -221 0
-217 -222 0
-217 -223 0
-217 -224 0
-217 -225 0
-218 -219 0
-218 -220 0
-218 -221 0
-218 -222 0
-218 -223 0
-218 -224 0
-218 -225 0
-219 -220 0
-219 -221 0
-219 -222 0
-219 -223 0
-219 -224 0
-219 -225 0
-220 -221 0
-220 -222 0
-220 -223 0
-220 -224 0
-220 -225 0
-221 -222 0
-221 -223 0
-221 -224 0
-221 -225 0
-222 -223 0
-222 -224 0
-222 -225 0
-223 -224 0
-223 -225 0
-224 -225 0
208 209 210 211 212 213 214 215 216 0
-208 -209 0
-208 -210 0
-208 -211 0
-208 -212 0
-208 -213 0
-208 -214 0
-208 -215 0
-208 -216 0
-209 -210 0
-209 -211 0
-209 -212 0
-209 -213 0
-209 -214 0
-209 -215 0
-209 -216 0
-210 -211 0
-210 -212 0
-210 -213 0
-210 -214 0
-210 -215 0
-210 -216 0
-211 -212 0
-211 -213 0
-211 -214 0
-211 -215 0
-211 -216 0
-212 -213 0
-212 -214 0
-212 -215 0
-212 -216 0
-213 -214 0
-213 -215 0
-213 -216 0
-214 -215 0
-214 -216 0
-215 -216 0
199 200 201 202 203 204 205 206 207 0
-199 -200 0
-199 -201 0
-199 -202 0
-199 -203 0
-199 -204 0
-199 -205 0
-199 -206 0
-199 -207 0
-200 -201 0
-200 -202 0
-200 -203 0
-200 -204 0
-200 -205 0
-200 -206 0
-200 -207 0
-201 -202 0
-201 -203 0
-201 -204 0
-201 -205 0
-201 -206 0
-201 -207 0
-202 -203 0
-202 -204 0
-202 -205 0
-202 -206 0
-202 -207 0
-203 -204 0
-203 -205 0
-203 -206 0
-203 -207 0
-204 -205 0
-204 -206 0
-204 -207 0
-205 -206 0
-205 -207 0
-206 -207 0
190 191 192 193 194 195 196 197 198 0
-190 -191 0
-190 -192 0
-190 -193 0
-190 -194 0
-190 -195 0
-190 -196 0
-190 -197 0
-190 -198 0
-191 -192 0
-191 -193 0
-191 -194 0
-191 -195 0
-191 -196 0
-191 -197 0
-191 -198 0
-192 -193 0
-192 -194 0
-192 -195 0
-192 -196 0
-192 -197 0
-192 -198 0
-193 -194 0
-193 -195 0
-193 -196 0
-193 -197 0
-193 -198 0
-194 -195 0
-194 -196 0
-194 -197 0
-194 -198 0
-195 -196 0
-195 -197 0
-195 -198 0
-196 -197 0
-196 -198 0
-197 -198 0
181 182 183 184 185 186 187 188 189 0
-181 -182 0
-181 -183 0
-181 -184 0
-181 -185 0
-181 -186 0
-181 -187 0
-181 -188 0
-181 -189 0
-182 -183 0
-182 -184 0
-182 -185 0
-182 -186 0
-182 -187 0
-182 -188 0
-182 -189 0
-183 -184 0
-183 -185 0
-183 -186 0
-183 -187 0
-183 -188 0
-183 -189 0
-184 -185 0
-184 -186 0
-184 -187 0
-184 -188 0
-184 -189 0
-185 -186 0
-185 -187 0
-185 -188 0
-185 -189 0
-186 -187 0
-186 -188 0
-186 -189 0
-187 -188 0
-187 -189 0
-188 -189 0
172 173 174 175 176 177 178 179 180 0
-172 -173 0
-172 -174 0
-172 -175 0
-172 -176 0
-172 -177 0
-172 -178 0
-172 -179 0
-172 -180 0
-173 -174 0
-173 -175 0
-173 -176 0
-173 -177 0
-173 -178 0
-173 -179 0
-173 -180 0
-174 -175 0
-174 -176 0
-174 -177 0
-174 -178 0
-174 -179 0
-174 -180 0
-175 -176 0
-175 -177 0
-175 -178 0
-175 -179 0
-175 -180 0
-176 -177 0
-176 -178 0
-176 -179 0
-176 -180 0
-177 -178 0
-177 -179 0
-177 -180 0
-178 -179 0
-178 -180 0
-179 -180 0
163 164 165 166 167 168 169 170 171 0
-163 -164 0
-163 -165 0
-163 -166 0
-163 -167 0
-163 -168 0
-163 -169 0
-163 -170 0
-163 -171 0
-164 -165 0
-164 -166 0
-164 -167 0
-164 -168 0
-164 -169 0
-164 -170 0
-164 -171 0
-165 -166 0
-165 -167 0
-165 -168 0
-165 -169 0
-165 -170 0
-165 -171 0
-166 -167 0
-166 -168 0
-166 -169 0
-166 -170 0
-166 -171 0
-167 -168 0
-167 -169 0
-167 -170 0
-167 -171 0
-168 -169 0
-168 -170 0
-168 -171 0
-169 -170 0
-169 -171 0
-170 -171 0
154 155 156 157 158 159 160 161 162 0
-154 -155 0
-154 -156 0
-154 -157 0
-154 -158 0
-154 -159 0
-154 -160 0
-154 -161 0
-154 -162 0
-155 -156 0
-155 -157 0
-155 -158 0
-155 -159 0
-155 -160 0
-155 -161 0
-155 -162 0
-156 -157 0
-156 -158 0
-156 -159 0
-156 -160 0
-156 -161 0
-156 -162 0
-157 -158 0
-157 -159 0
-157 -160 0
-157 -161 0
-157 -162 0
-158 -159 0
-158 -160 0
-158 -161 0
-158 -162 0
-159 -160 0
-159 -161 0
-159 -162 0
-160 -161 0
-160 -162 0
-161 -162 0
145 146 147 148 149 150 151 152 153 0
-145 -146 0
-145 -147 0
-145 -148 0
-145 -149 0
-145 -150 0
-145 -151 0
-145 -152 0
-145 -153 0
-146 -147 0
-146 -148 0
-146 -149 0
-146 -150 0
-146 -151 0
-146 -152 0
-146 -153 0
-147 -148 0
-147 -149 0
-147 -150 0
-147 -151 0
-147 -152 0
-147 -153 0
-148 -149 0
-148 -150 0
-148 -151 0
-148 -152 0
-148 -153 0
-149 -150 0
-149 -151 0
-149 -152 0
-149 -153 0
-150 -151 0
-150 -152 0
-150 -153 0
-151 -152 0
-151 -153 0
-152 -153 0
136 137 138 139 140 141 142 143 144 0
-136 -137 0
-136 -138 0
-136 -139 0
-136 -140 0
-136 -141 0
-136 -142 0
-136 -143 0
-136 -144 0
-137 -138 0
-137 -139 0
-137 -140 0
-137 -141 0
-137 -142 0
-137 -143 0
-137 -144 0
-138 -139 0
-138 -140 0
-138 -141 0
-138 -142 0
-138 -143 0
-138 -144 0
-139 -140 0
-139 -141 0
-139 -142 0
-139 -143 0
-139 -144 0
-140 -141 0
-140 -142 0
-140 -143 0
-140 -144 0
-141 -142 0
-141 -143 0
-141 -144 0
-142 -143 0
-142 -144 0
-143 -144 0
127 128 129 130 131 132 133 134 135 0
-127 -128 0
-127 -129 0
-127 -130 0
-127 -131 0
-127 -132 0
-127 -133 0
-127 -134 0
-127 -135 0
-128 -129 0
-128 -130 0
-128 -131 0
-128 -132 0
-128 -133 0
-128 -134 0
-128 -135 0
-129 -130 0
-129 -131 0
-129 -132 0
-129 -133 0
-129 -134 0
-129 -135 0
-130 -131 0
-130 -132 0
-130 -133 0
-130 -134 0
-130 -135 0
-131 -132 0
-131 -133 0
-131 -134 0
-131 -135 0
-132 -133 0
-132 -134 0
-132 -135 0
-133 -134 0
-133 -135 0
-134 -135 0
118 119 120 121 122 123 124 125 126 0
-118 -119 0
-118 -120 0
-118 -121 0
-118 -122 0
-118 -123 0
-118 -124 0
-118 -125 0
-118 -126 0
-119 -120 0
-119 -121 0
-119 -122 0
-119 -123 0
-119 -124 0
-119 -125 0
-119 -126 0
-120 -121 0
-120 -122 0
-120 -123 0
-120 -124 0
-120 -125 0
-120 -126 0
-121 -122 0
-121 -123 0
-121 -124 0
-121 -125 0
-121 -126 0
-122 -123 0
-122 -124 0
-122 -125 0
-122 -126 0
-123 -124 0
-123 -125 0
-123 -126 0
-124 -125 0
-124 -126 0
-125 -126 0
109 110 111 112 113 114 115 116 117 0
-109 -110 0
-109 -111 0
-109 -112 0
-109 -113 0
-109 -114 0
-109 -115 0
-109 -116 0
-109 -117 0
-110 -111 0
-110 -112 0
-110 -113 0
-110 -114 0
-110 -115 0
-110 -116 0
-110 -117 0
-111 -112 0
-111 -113 0
-111 -114 0
-111 -115 0
-111 -116 0
-111 -117 0
-112 -113 0
-112 -114 0
-112 -115 0
-112 -116 0
-112 -117 0
-113 -114 0
-113 -115 0
-113 -116 0
-113 -117 0
-114 -115 0
-114 -116 0
-114 -117 0
-115 -116 0
-115 -117 0
-116 -117 0
100 101 102 103 104 105 106 107 108 0
-100 -101 0
-100 -102 0
-100 -103 0
-100 -104 0
-100 -105 0
-100 -106 0
-100 -107 0
-100 -108 0
-101 -102 0
-101 -103 0
-101 -104 0
-101 -105 0
-101 -106 0
-101 -107 0
-101 -108 0
-102 -103 0
-102 -104 0
-102 -105 0
-102 -106 0
-102 -107 0
-102 -108 0
-103 -104 0
-103 -105 0
-103 -106 0
-103 -107 0
-103 -108 0
-104 -105 0
-104 -106 0
-104 -107 0
-104 -108 0
-105 -106 0
-105 -107 0
-105 -108 0
-106 -107 0
-106 -108 0
-107 -108 0
91 92 93 94 95 96 97 98 99 0
-91 -92 0
-91 -93 0
-91 -94 0
-91 -95 0
-91 -96 0
-91 -97 0
-91 -98 0
-91 -99 0
-92 -93 0
-92 -94 0
-92 -95 0
-92 -96 0
-92 -97 0
-92 -98 0
-92 -99 0
-93 -94 0
-93 -95 0
-93 -96 0
-93 -97 0
-93 -98 0
-93 -99 0
-94 -95 0
-94 -96 0
-94 -97 0
-94 -98 0
-94 -99 0
-95 -96 0
-95 -97 0
-95 -98 0
-95 -99 0
-96 -97 0
-96 -98 0
-96 -99 0
-97 -98 0
-97 -99 0
-98 -99 0
82 83 84 85 86 87 88 89 90 0
-82 -83 0
-82 -84 0
-82 -85 0
-82 -86 0
-82 -87 0
-82 -88 0
-82 -89 0
-82 -90 0
-83 -84 0
-83 -85 0
-83 -86 0
-83 -87 0
-83 -88 0
-83 -89 0
-83 -90 0
-84 -85 0
-84 -86 0
-84 -87 0
-84 -88 0
-84 -89 0
-84 -90 0
-85 -86 0
-85 -87 0
-85 -88 0
-85 -89 0
-85 -90 0
-86 -87 0
-86 -88 0
-86 -89 0
-86 -90 0
-87 -88 0
-87 -89 0
-87 -90 0
-88 -89 0
-88 -90 0
-89 -90 0
73 74 75 76 77 78 79 80 81 0
-73 -74 0
-73 -75 0
-73 -76 0
-73 -77 0
-73 -78 0
-73 -79 0
-73 -80 0
-73 -81 0
-74 -75 0
-74 -76 0
-74 -77 0
-74 -78 0
-74 -79 0
-74 -80 0
-74 -81 0
-75 -76 0
-75 -77 0
-75 -78 0
-75 -79 0
-75 -80 0
-75 -81 0
-76 -77 0
-76 -78 0
-76 -79 0
-76 -80 0
-76 -81 0
-77 -78 0
-77 -79 0
-77 -80 0
-77 -81 0
-78 -79 0
-78 -80 0
-78 -81 0
-79 -80 0
-79 -81 0
-80 -81 0
64 65 66 67 68 69 70 71 72 0
-64 -65 0
-64 -66 0
-64 -67 0
-64 -68 0
-64 -69 0
-64 -70 0
-64 -71 0
-64 -72 0
-65 -66 0
-65 -67 0
-65 -68 0
-65 -69 0
-65 -70 0
-65 -71 0
-65 -72 0
-66 -67 0
-66 -68 0
-66 -69 0
-66 -70 0
-66 -71 0
-66 -72 0
-67 -68 0
-67 -69 0
-67 -70 0
-67 -71 0
-67 -72 0
-68 -69 0
-68 -70 0
-68 -71 0
-68 -72 0
-69 -70 0
-69 -71 0
-69 -72 0
-70 -71 0
-70 -72 0
-71 -72 0
55 56 57 58 59 60 61 62 63 0
-55 -56 0
-55 -57 0
-55 -58 0
-55 -59 0
-55 -60 0
-55 -61 0
-55 -62 0
-55 -63 0
-56 -57 0
-56 -58 0
-56 -59 0
-56 -60 0
-56 -61 0
-56 -62 0
-56 -63 0
-57 -58 0
-57 -59 0
-57 -60 0
-57 -61 0
-57 -62 0
-57 -63 0
-58 -59 0
-58 -60 0
-58 -61 0
-58 -62 0
-58 -63 0
-59 -60 0
-59 -61 0
-59 -62 0
-59 -63 0
-60 -61 0
-60 -62 0
-60 -63 0
-61 -62 0
-61 -63 0
-62 -63 0
46 47 48 49 50 51 52 53 54 0
-46 -47 0
-46 -48 0
-46 -49 0
-46 -50 0
-46 -51 0
-46 -52 0
-46 -53 0
-46 -54 0
-47 -48 0
-47 -49 0
-47 -50 0
-47 -51 0
-47 -52 0
-47 -53 0
-47 -54 0
-48 -49 0
-48 -50 0
-48 -51 0
-48 -52 0
-48 -53 0
-48 -54 0
-49 -50 0
-49 -51 0
-49 -52 0
-49 -53 0
-49 -54 0
-50 -51 0
-50 -52 0
-50 -53 0
-50 -54 0
-51 -52 0
-51 -53 0
-51 -54 0
-52 -53 0
-52 -54 0
-53 -54 0
37 38 39 40 41 42 43 44 45 0
-37 -38 0
-37 -39 0
-37 -40 0
-37 -41 0
-37 -42 0
-37 -43 0
-37 -44 0
-37 -45 0
-38 -39 0
-38 -40 0
-38 -41 0
-38 -42 0
-38 -43 0
-38 -44 0
-38 -45 0
-39 -40 0
-39 -41 0
-39 -42 0
-39 -43 0
-39 -44 0
-39 -45 0
-40 -41 0
-40 -42 0
-40 -43 0
-40 -44 0
-40 -45 0
-41 -42 0
-41 -43 0
-41 -44 0
-41 -45 0
-42 -43 0
-42 -44 0
-42 -45 0
-43 -44 0
-43 -45 0
-44 -45 0
28 29 30 31 32 33 34 35 36 0
-28 -29 0
-28 -30 0
-28 -31 0
-28 -32 0
-28 -33 0
-28 -34 0
-28 -35 0
-28 -36 0
-29 -30 0
-29 -31 0
-29 -32 0
-29 -33 0
-29 -34 0
-29 -35 0
-29 -36 0
-30 -31 0
-30 -32 0
-30 -33 0
-30 -34 0
-30 -35 0
-30 -36 0
-31 -32 0
-31 -33 0
-31 -34 0
-31 -35 0
-31 -36 0
-32 -33 0
-32 -34 0
-32 -35 0
-32 -36 0
-33 -34 0
-33 -35 0
-33 -36 0
-34 -35 0
-34 -36 0
-35 -36 0
19 20 21 22 23 24 25 26 27 0
-19 -20 0
-19 -21 0
-19 -22 0
-19 -23 0
-19 -24 0
-19 -25 0
-19 -26 0
-19 -27 0
-20 -21 0
-20 -22 0
-20 -23 0
-20 -24 0
-20 -25 0
-20 -26 0
-20 -27 0
-21 -22 0
-21 -23 0
-21 -24 0
-21 -25 0
-21 -26 0
-21 -27 0
-22 -23 0
-22 -24 0
-22 -25 0
-22 -26 0
-22 -27 0
-23 -24 0
-23 -25 0
-23 -26 0
-23 -27 0
-24 -25 0
-24 -26 0
-24 -27 0
-25 -26 0
-25 -27 0
-26 -27 0
10 11 12 13 14 15 16 17 18 0
-10 -11 0
-10 -12 0
-10 -13 0
-10 -14 0
-10 -15 0
-10 -16 0
-10 -17 0
-10 -18 0
-11 -12 0
-11 -13 0
-11 -14 0
-11 -15 0
-11 -16 0
-11 -17 0
-11 -18 0
-12 -13 0
-12 -14 0
-12 -15 0
-12 -16 0
-12 -17 0
-12 -18 0
-13 -14 0
-13 -15 0
-13 -16 0
-13 -17 0
-13 -18 0
-14 -15 0
-14 -16 0
-14 -17 0
-14 -18 0
-15 -16 0
-15 -17 0
-15 -18 0
-16 -17 0
-16 -18 0
-17 -18 0
1 2 3 4 5 6 7 8 9 0
-1 -2 0
-1 -3 0
-1 -4 0
-1 -5 0
-1 -6 0
-1 -7 0
-1 -8 0
-1 -9 0
-2 -3 0
-2 -4 0
-2 -5 0
-2 -6 0
-2 -7 0
-2 -8 0
-2 -9 0
-3 -4 0
-3 -5 0
-3 -6 0
-3 -7 0
-3 -8 0
-3 -9 0
-4 -5 0
-4 -6 0
-4 -7 0
-4 -8 0
-4 -9 0
-5 -6 0
-5 -7 0
-5 -8 0
-5 -9 0
-6 -7 0
-6 -8 0
-6 -9 0
-7 -8 0
-7 -9 0
-8 -9 0
